6140
6749
54763
54773
55241
55555
56111
56671
57447
60269
60337
61909
64801
54663
62341
51775
52495
53225
2136
9024
50167
52305
52705
53675
59255
59295
61415
64377
50905
54423
62653
64323
50119
53897
1515
3297
4297
4377
9935
1623
1791
5419
8047
1311
2565
50951
58383
58479
59113
59833
60553
61909
50443
54337
54911
56045
59645
60353
60709
50591
50927
16206
49585
50945
59367
52585
55679
57089
57109
57799
57809
57831
58529
58539
58559
59286
59293
59989
61769
49309
133
7076
8511
9945
11817
945
3115
49747
50467
51965
52667
55077
58875
62917
63291
51857
56511
57221
58615
59411
64517
65237
50303
3969
7317
755
1797
3739
4271
4637
5417
8307
8889
9757
10319
13623
51199
54745
54783
56845
59583
61613
52869
55915
55935
57423
59527
53553
53915
5901
13413
14793
14835
5586
6273
11817
50835
52385
58481
58517
59931
60651
60853
60873
61573
62303
62811
63531
63541
65153
65183
49499
49871
50199
50209
50219
50229
50239
50249
50757
50949
50959
58627
62011
50497
53439
2031
6713
13505
13987
14827
16277
10585
10605
561
1675
2923
49603
52791
54647
55515
59619
53847
54473
54547
54557
54567
54577
54769
55447
55997
56157
57043
61101
50137
471
501
683
1254
6623
15971
50637
54613
54783
55323
55333
57615
58651
59185
59371
59381
62229
64329
58911
62007
63913
65519
51779
11421
15889
5537
13993
1827
1907
2662
58693
59413
62757
64151
65469
49489
50209
50219
52301
52567
54435
56369
58109
58129
58839
62907
63637
63647
64823
50429
5227
8339
10161
11849
3607
4367
9487
14741
15067
15767
1339
4089
4099
4809
51021
53521
54241
56411
58541
59971
60681
61401
61411
62121
50265
53239
54479
54489
55537
55919
58273
51915
52167
52463
52635
53193
7211
7881
9070
11987
12007
1115
52695
52867
55051
57747
60153
62085
49227
51705
54405
59537
64997
65027
52095
4861
6983
7791
11910
13275
13397
14077
4993
52657
53031
58295
62917
63845
50939
55165
58143
60437
64177
65083
65195
65419
3281
3351
11220
549
4263
53794
56483
57203
57431
61675
52417
58887
59689
61297
63647
659
2557
7117
3933
4090
49839
52093
52255
53057
55457
58187
58349
61667
62219
53727
55277
57213
59981
50107
3583
4118
11321
2435
3185
9733
56671
59866
60583
60883
61603
64621
65341
49677
64511
51795
3993
4781
4809
11818
13115
14981
2401
51292
51309
52027
56441
64195
49909
50609
50619
59231
62303
51039
53853
13597
15762
4831
11911
49425
50415
52033
54683
58529
62977
51043
51837
52997
53717
53727
53931
61019
61029
53659
2875
13499
15101
15111
6341
9141
10169
10209
12101
12935
14985
841
49259
59835
61129
61657
63173
53863
55435
59361
59703
60641
63313
51661
53081
1245
3861
8807
10947
14007
14205
16163
205
551
925
4001
5757
7009
13059
50537
56277
58661
58671
59621
59691
60341
60351
60421
62113
62123
62961
64401
55091
56959
60035
61367
64309
53081
3337
4035
6885
8569
11395
4316
52445
53201
62937
51345
51655
52679
52689
60517
62677
63075
63979
64699
49609
53691
758
778
8383
9613
49691
52601
53301
53321
53331
54021
54031
54041
56047
56725
63011
63701
64421
64431
64451
65151
49997
50737
51251
52015
52147
62963
49969
33541
38307
39027
40003
41539
42959
44073
45325
47173
47437
38307
42765
43273
48037
32845
16825
17465
18065
31603
17997
26657
27370
30249
32437
20273
32885
34667
45335
48857
48867
33881
34791
35841
36505
37023
48305
32933
34181
34941
34961
37417
37515
37557
22115
28319
29731
17817
18131
33809
34971
37617
38673
39567
39787
40099
42911
46913
48577
36371
38009
44849
33261
33991
36327
17055
17065
17075
17095
17745
17755
18505
18525
18535
19255
19905
19925
20645
25715
26673
27383
28595
28813
29305
29543
29569
32411
16739
18197
18209
18219
26169
29537
33455
39877
43671
44391
44615
33199
33603
36949
41231
41819
44573
44791
45293
46181
33851
33861
28570
29980
33729
34439
34459
35169
35179
35571
35889
37807
37815
48971
32829
33597
34661
35257
39985
46361
48275
48285
48381
18275
25351
27861
22729
27382
34329
38491
45473
47069
48755
37381
38637
42771
48121
33243
35009
37977
18495
19115
20685
22695
24295
25015
27513
28293
28383
28883
17849
21279
24189
25439
29079
29809
19749
32895
34471
46707
47671
34911
39199
39685
39929
40063
43579
43643
37795
37881
37911
16503
17013
24345
31525
31555
21631
25251
26703
27313
27411
27421
28901
31763
19185
20517
20547
35141
36177
37111
37553
42777
42883
43497
44127
44137
44217
44227
44237
46931
48943
33067
37155
39231
35463
18945
19005
23837
24550
20137
23063
28655
35253
36741
39237
40199
40209
45697
46623
47351
33413
35189
35637
37817
40833
41543
41563
42293
43013
48629
35917
37997
16715
16975
17805
19545
20085
21515
23607
24327
17761
18491
27819
16853
18915
32803
32899
37841
42273
36935
37279
38375
38395
39029
32971
33005
33243
37629
22815
24731
28971
29044
19967
20615
34363
34901
35763
39119
40371
33597
34611
35961
37817
43239
46347
33731
34665
35009
18585
20785
21235
21975
23415
24649
32175
16481
19159
21999
25007
26753
28681
17899
34185
36801
48611
44215
44218
44223
44935
47961
36287
17085
17795
17805
17815
18525
18535
19235
19255
19945
20625
20665
21395
23575
25015
27135
27165
29325
30035
31485
17759
18661
19075
19411
20121
23691
23731
24391
25081
25091
25131
25141
25181
25801
25811
25831
25851
25881
25891
26521
26531
26631
27321
27331
28011
28021
30555
32301
34437
35087
36557
37277
37287
37895
37967
37997
42913
48203
32975
37715
40907
41979
44611
36717
27919
29159
19655
23617
18529
19232
32781
32835
38011
41017
41035
41587
43815
46197
48943
35189
41821
42565
48051
48991
35461
26356
21420
33437
34907
35617
37077
37087
37795
38515
39245
39839
39957
43125
44025
44149
44179
46341
47849
33005
38279
39661
40735
43301
21561
27579
27594
29821
18179
25629
28419
32815
42037
35985
43661
48088
33151
35513
19255
19975
22085
29925
17635
19057
19107
19675
20497
22475
26275
29107
18619
18629
34227
38319
39943
41229
41949
47993
34537
40415
42227
45181
46475
47165
47185
47195
47905
48409
33571
34291
37781
37921
25199
25247
28347
17259
23029
23717
24479
25397
25755
25967
31817
16915
38753
40971
41785
48611
48975
49147
33483
34903
35199
37997
38747
46437
33173
37485
37767
17155
21455
24159
21631
22247
26847
29759
29785
31202
34039
36367
37689
38429
40077
42059
46777
46787
47339
47517
47527
48207
48247
48267
33313
33323
35541
40135
41891
43065
48977
34599
36779
16575
16605
20975
23957
19467
25237
28109
30219
30939
16873
18245
18373
19045
19393
19775
20553
33961
34411
39587
43683
48439
33441
43069
44681
48127
34527
34691
35505
37771
22564
20675
28341
28723
29051
37991
39735
46245
47983
33011
34605
38603
39609
33981
34001
34683
36317
37199
37929
21415
24295
27075
27785
27905
32205
17261
18279
21849
27709
28399
30053
20779
21019
36817
39227
44643
48345
33787
35521
35641
42011
44977
45315
45361
47159
34559
36163
36173
16465
17055
17195
17225
17265
17347
18305
18625
19075
19105
19115
19145
19155
19715
19755
19865
21195
21975
23525
24105
24135
26649
27155
27165
23315
33323
36739
36749
36811
37449
37511
37597
39119
39415
39829
41185
42181
43641
47437
34103
18420
24662
33561
42191
48263
35033
35589
35659
35773
37341
38165
39099
39651
40155
34189
36645
19175
24815
16681
17676
33017
36379
41491
42803
44797
47525
36371
37369
39021
42201
45539
48313
35301
36021
16507
17675
17925
21907
23015
25167
27099
27829
30261
19449
22047
22997
26337
34739
35513
41767
32929
36259
40129
40859
41579
42527
43017
43853
49135
35037
35301
35905
26240
28395
31459
26725
27305
17215
38003
44047
32801
33301
35325
37387
38043
40763
40773
41699
42715
43587
46829
48981
16555
16735
16755
16795
16815
17045
17327
17515
17795
17805
18165
18225
18495
19597
19895
20485
21205
21285
21975
21985
23045
23055
23435
23495
23505
24215
18725
34641
36451
38753
38761
41785
43815
47143
47351
43587
34599
35319
35511
36415
19961
26363
26495
26545
27255
27829
28359
17331
20599
26051
28241
17737
18457
18517
36143
43547
39451
41759
36033
37033
37718
20726
25897
27113
20081
32828
32831
32835
32845
32847
33535
33537
33543
33555
33565
34247
34257
34957
35687
38029
48069
48121
34047
35255
35783
36787
19485
19495
26457
27048
27053
17635
22505
26289
19223
35024
33625
42991
45559
34621
16935
17045
17145
17615
17665
17735
17745
17765
17775
17865
18445
18535
19145
19155
19165
19175
19775
19885
19925
21265
21375
23515
24399
26375
26385
21887
22269
18185
33373
36157
36807
36887
37587
37597
37711
37743
38297
40751
42923
43337
45855
49139
33475
35203
37333
38063
39917
47317
17373
18956
28145
32493
19091
33181
35543
35697
37563
41715
44525
48613
33173
34871
38273
40549
45901
47351
35741
16635
16727
17159
19249
24723
32629
17829
29665
18721
19443
19841
21071
36101
36741
41495
43917
44515
44891
44931
46163
46893
35205
37365
39819
40451
48267
48601
37277
18381
16901
30551
32029
21465
33135
34575
43433
47551
48465
33581
35837
36853
43873
43883
44611
47529
48629
33795
17861
21089
24793
18703
21295
21935
23447
24747
28841
29405
29571
29643
31111
36505
37083
37733
46523
47673
37313
37343
39311
44717
47085
48605
32811
33651
33661
34371
34453
37147
17444
21114
34805
37325
38711
41353
37279
39725
39929
46465
46475
47737
35087
35579
35667
16993
17263
23353
27875
32643
22293
27381
28831
29601
32431
18127
18827
19527
19537
20957
20977
21677
21707
38169
40761
42195
46545
33537
33553
34363
41107
43951
45611
34133
36157
36685
20482
20502
32885
39973
42137
42147
42683
42857
42867
45219
35411
41797
43659
48359
48559
33683
37505
37557
37881
17627
28981
18667
19346
32811
35121
35833
42491
43433
43779
46309
35097
40201
45563
45573
46293
47289
36001
18535
19975
20913
23575
23701
25269
28129
16959
23959
25121
32311
33375
34095
36733
37551
40471
48167
33011
33457
33787
34881
39791
42953
46523
37765
20685
21405
27755
17201
20101
21611
21621
22971
23861
24421
25131
25831
26543
31111
18629
33231
33435
36385
37673
34277
34615
38835
39709
42877
46353
48751
34639
35369
36129
37579
38057
27829
28287
31543
17633
19005
19795
19805
20455
21887
22025
23447
25067
41109
41129
41139
41829
41839
41849
42559
42579
43553
33419
33673
33721
33881
34791
41027
46905
47411
47989
37145
37443
24744
20138
33609
36753
38493
44327
47993
42933
42936
43653
44617
28249
28291
28304
28707
29011
29021
29031
29711
30493
32659
22619
18149
18211
47135
49015
34769
35289
36629
38783
40129
40633
42615
44563
44717
47577
48941
18281
24011
31794
16819
16897
21197
35383
40353
45359
46655
48445
36019
36087
40021
41315
42943
47431
47441
48181
35233
17095
17227
17285
20845
21625
22055
22345
30191
30211
16947
18045
26327
31957
19705
40705
47885
48867
35627
36573
44775
45500
45891
36869
16805
16825
16835
17545
17715
17717
17725
17735
17795
18387
18515
18535
18995
19805
21365
25535
31091
32415
16915
17665
44643
47791
33901
34021
35351
35551
38177
38853
39007
42811
45601
46353
48163
48595
32921
34061
34629
22845
23565
24295
20151
20153
20851
21561
21571
21593
22313
22981
23061
23081
23091
23801
24431
24451
25171
25231
25891
30311
30841
31501
32211
32271
32321
16547
16597
16607
17179
17267
17327
18007
18037
37481
37521
38665
42641
45811
33883
35453
38131
38645
48887
34753
37461
37527
26807
17635
18727
20515
21210
25363
29093
17847
35363
41017
41577
42911
46705
39077
40969
42271
45537
45569
47945
48665
48675
33953
38127
16565
16745
16935
16975
17045
17685
17785
18335
18505
19115
19167
19685
20445
21255
23515
24195
19389
20149
27675
33341
38379
40947
46897
48755
34397
35403
41003
41569
43631
43651
47427
48271
35647
16507
19375
19791
20785
22925
28133
28407
28913
19539
23593
26347
20983
21703
33925
37203
37931
43125
43977
43987
32857
33667
34105
35555
36101
39661
44643
45363
36097
21939
22639
28621
25111
25662
29195
36661
40631
46507
43851
47530
34931
30849
31107
19107
29543
30414
16593
37281
43541
43845
44515
46245
47993
49073
33251
34345
39609
41799
43371
43685
33305
38015
17580
19780
21190
32885
35575
36285
36287
36295
36297
37737
37747
37757
40919
41639
47039
35627
37145
40801
43027
43131
44461
44655
33641
20891
23364
24883
22613
33159
33879
36227
41215
43471
43865
48117
34703
34713
38269
39485
39495
40185
45045
45055
34057
35527
36645
21666
22983
18211
18591
40047
42715
33365
33531
38051
39171
40005
43709
46245
33251
33261
33971
34681
35359
36179
36899
16795
20525
20895
22041
22335
24885
25585
25595
26817
27055
29159
19025
19119
20559
27209
17199
35691
36111
45001
45721
32893
34023
34587
35489
41445
42503
42513
43223
43243
43253
44693
45847
47397
35997
25330
26513
29817
33363
33433
34337
34347
35037
35057
35757
36497
37937
42623
44643
33901
34611
41519
44069
44153
44173
44893
45757
36707
27594
29821
19863
24179
24199
35491
41985
43571
46769
47767
33885
34595
37661
41991
44615
46513
34395
35335
37535
17892
17912
20417
20687
33283
36951
39313
40057
40067
40787
47935
48747
48767
33083
33813
39021
42619
43031
46347
48121
48579
35167
37261
17017
25728
31029
17243
24925
45121
34859
35133
39909
39919
41839
41849
42002
37663
30319
31027
17227
27266
35217
35937
38289
39735
46187
40363
41745
42251
44337
45081
45367
48399
48749
35441
24093
24611
24793
29133
19351
25161
25649
29405
16629
17157
17899
20179
40375
41443
42911
44647
46585
47315
32949
36643
39521
42643
33439
34169
34911
34919
35629
35639
17505
17629
21567
23927
23957
24175
26325
27165
27775
27875
27895
24935
28467
32213
34973
40261
42103
43159
43859
43879
33639
40903
42661
42977
43799
34517
34617
36233
36541
17655
18725
20287
32715
23531
24995
27387
29549
29557
30377
31815
32525
20443
35747
36365
36527
37167
37177
37207
37227
38859
40283
45123
45777
48079
48387
48429
34557
38657
48951
27635
28133
29651
30260
31687
17543
18915
18971
34585
36251
37689
41747
41785
45185
46717
47391
48583
35847
36035
40449
41617
34425
38031
16845
17765
18465
25557
26669
30240
18973
19623
21105
33257
33267
33987
35277
36781
37501
43365
44555
34229
34289
38399
39073
33715
35337
36779
36799
36809
37499
37509
28971
20033
23025
31749
16745
17571
18236
19645
19661
21065
33093
33363
36669
42537
34397
34565
36657
37339
39875
45803
46683
35877
35887
37391
28738
31160
34053
34095
36955
37301
41965
35545
35821
36541
37409
38375
38385
41699
42011
42953
43559
18199
24248
19589
25751
37281
38299
40233
41047
33923
34255
34265
34985
36843
36929
33273
33413
33839
34143
34373
34861
35113
35269
35989
19373
20203
24953
25683
30211
16469
17585
29161
29495
30817
19463
20705
33263
35413
35849
35859
36559
36569
36833
42021
43395
44105
32877
37127
42619
43581
44213
44699
47739
16935
21907
26109
18358
21943
30347
34227
34237
36729
44455
47451
34179
35831
36201
36931
37757
37817
43867
44733
45453
47943
29797
18223
20515
22000
27355
35637
36347
36355
36357
36363
36365
37077
38493
38741
39019
34217
35707
35969
38363
38373
45715
49127
35745
18021
18031
24335
24345
21205
25343
25921
27493
28131
28731
28821
28831
28841
31691
31741
31771
32451
32481
17537
18267
20437
20537
20567
33493
37291
43953
44025
44511
47459
48179
37155
37875
38063
43401
44587
45295
45315
45551
37941
25349
31327
17146
21473
25295
30309
17429
34699
36209
38021
42099
43969
44689
38039
38451
40081
41695
48121
48381
34691
34771
35431
35721
19685
20495
25865
24853
26595
27355
29529
30969
18111
20441
34949
37003
38529
44745
45357
33649
34791
38145
40155
42827
43833
44547
49011
18743
21990
17431
34329
34339
35049
35059
38203
44573
48301
48653
49085
33811
34787
38119
40993
42991
34643
36021
19071
32590
17647
18889
36897
36993
38309
38441
46533
47527
49085
34861
34947
45919
46851
34123
36303
36313
37267
16653
22647
26316
30127
30347
34243
36617
38187
38309
38465
39309
47135
48871
34309
37261
38649
48073
48793
34939
36385
23405
30431
31037
20515
21210
27287
27911
28687
31461
32181
33935
34471
34881
37101
43623
47801
36333
40583
42189
43809
33953
35401
22740
24170
26300
33751
34193
35979
35989
39097
41267
40741
40763
41301
41493
42749
45593
46313
46821
33795
37085
23895
21091
21590
23029
16655
17453
21013
21053
21325
34739
36611
37579
37907
41793
47593
33221
34581
40349
44721
46241
33091
33821
33991
34001
34429
34721
35411
36131
20735
20765
21465
21863
28627
29729
31455
32205
16511
17019
17231
17241
17991
23001
23205
23711
24431
24959
25111
25141
25659
25669
25831
25841
26369
26571
27991
28011
28031
32281
32291
32823
34243
34973
40751
40761
41481
42673
46463
47183
34631
35121
39349
39895
47431
35975
36435
21298
27848
33119
33839
41875
45027
47947
48451
32795
33475
33495
34039
34225
34235
34915
36869
37089
40163
44199
34403
36457
29163
30371
16681
21970
31751
16609
34177
34897
37381
41333
41815
43875
44085
44679
45285
45315
45409
33289
33413
38451
49101
23566
29407
23457
21079
32831
34953
37407
37427
40307
41047
43155
45177
35371
40561
42689
33905
34657
35061
35103
35831
37241
37931
37951
18151
20873
20896
31425
16915
26339
30081
35743
36061
39293
39499
40935
42943
43559
45239
46101
49073
35631
36351
36665
16432
33099
33109
33473
34575
35279
37381
40461
42413
33171
34551
36341
38931
39485
40205
33447
35371
35741
36091
17805
19105
19115
22135
23891
24295
26455
30261
30991
32205
18929
18959
19107
19659
21119
22529
22673
16597
32945
34313
34873
36283
37183
37355
38193
41393
44787
35453
40465
48539
33043
36097
16835
18495
30599
26142
17401
33689
33699
33709
36541
44745
45551
46615
49117
34447
40663
40905
41083
46603
47517
48445
35997
24491
28878
27687
18813
19013
34117
35577
37067
43719
48409
48419
48523
48943
33037
33067
36543
39115
40871
42451
44443
44463
45183
48061
16708
23441
25377
22027
24889
19167
21385
32893
35805
39793
44383
45639
45649
45654
45659
38131
38695
37801
25498
34135
34443
36907
39289
43065
44025
44433
34581
40043
40763
41361
43429
45083
49127
35935
18313
21861
26538
24421
28265
18211
33369
37759
38233
39131
39337
39347
42299
45255
48027
48943
36109
37701
35643
37151
37161
16507
22245
27099
27819
28887
16793
20639
21369
22079
22089
22819
23541
26063
18443
37989
39687
39877
44097
46267
46977
46987
47101
33079
43221
45983
46347
46693
36267
37765
30288
30988
34935
35741
35761
39067
42115
44915
44935
34597
36069
40111
42607
47411
49035
33753
19999
20913
18199
21233
23064
30469
33151
33161
34095
34459
36291
48919
49015
37123
40307
41027
41197
44393
45687
35721
35731
30319
20153
27266
33051
33093
33465
38561
34521
35199
38873
39511
39917
45085
45155
45805
45815
45865
46515
46525
46595
48419
32895
29054
22136
33249
33959
34329
34339
35819
36197
47837
48557
32893
38771
40669
41389
41911
45123
46589
34449
34761
35471
35889
17585
19191
24796
32419
36273
39541
46049
46059
46373
46779
33993
34329
38117
42527
45783
47223
47943
34475
35367
36843
16945
17595
17635
17707
18315
18575
18955
19055
19075
19795
21255
23377
32687
18943
23739
32247
36937
37627
43865
46261
46685
47125
47333
32985
33705
34425
35145
37295
39657
40293
43223
45549
46569
37161
17621
27479
31009
32504
33197
33917
35927
35937
39841
35083
35803
36523
37961
38365
38429
39881
41135
42203
43643
44363
36183
18402
20139
21187
20109
24113
21643
33143
37687
38521
43487
33741
34867
41483
41493
41503
42213
42961
44373
45063
45093
34117
35471
35997
37093
20906
30987
21113
26329
19315
38419
40103
40757
46639
47241
47339
47867
32867
33435
33499
34463
36193
37527
17795
18535
19895
23565
23575
32215
17377
18681
19107
19665
20873
21867
22673
28121
30311
31761
35717
41569
42527
43665
47985
35443
40097
42817
43569
46693
46703
34743
36393
37113
18357
18677
18955
19255
20455
21155
21885
21975
22645
22725
23415
26325
26335
26977
27035
27045
27765
16589
20919
22389
23839
24835
32909
36251
39129
39209
41587
43985
46927
34203
34551
37813
39193
39203
43381
45591
34401
34549
36001
37251
32565
16967
19461
31151
21608
32979
36111
36177
37701
37883
43097
46975
47929
34947
36371
43557
45611
47031
37075
16625
16665
16705
16745
16897
18035
23267
25195
25557
25885
28895
23807
16615
17251
19173
19873
21605
34185
41057
41481
44687
45367
45407
45647
34621
34743
43555
45533
45543
45957
33917
34605
35589
20383
20755
21475
22155
22175
23585
25685
30983
19269
22673
26683
31763
31801
18999
19641
34499
39713
41557
44845
46217
46227
36419
38451
43153
44331
45591
48367
34463
35017
35181
17069
19731
16783
16943
28941
31846
33141
38025
39099
45157
46373
46523
47437
48157
48695
48867
38033
40615
43215
44477
33717
34699
23939
26349
23197
26743
29965
17330
36301
40295
41499
35793
37773
41291
41419
45113
45187
45275
45823
47597
33019
33679
33689
34215
20762
29054
33565
39739
40439
40673
47079
39163
39223
39883
39933
39943
41363
43479
48901
32777
34841
35543
35551
36233
36665
18995
19115
24105
27099
27829
29729
30499
19955
24949
29849
17671
20595
20989
32879
39351
41157
41167
43267
43347
43977
46549
47289
47999
48009
33411
34671
38327
39467
40811
41509
47143
33587
35277
25964
26814
33527
33805
37569
38279
40899
41629
41775
42857
43577
44977
45465
45813
41211
43947
47963
35963
36233
36421
19405
26033
26043
26649
28173
32611
25387
28175
40873
48069
35443
35453
35463
35641
38625
44713
32845
33117
34139
35385
36449
36645
37669
16395
17495
19345
20065
20835
22875
23605
27267
27571
20173
20251
23861
27179
30245
33429
37333
44819
45293
46051
46989
47959
48713
33025
34317
35481
39933
40653
42093
46535
34803
24682
28332
34917
35637
36357
41441
45987
45997
46025
48975
34605
35129
39349
40881
42037
44041
44699
44831
16575
29699
31104
31134
18367
21355
18667
33409
35521
38615
38897
42467
45671
47101
48899
34855
35307
36295
49083
33419
34561
36521
18817
26217
31052
16853
17469
18211
33655
34117
38641
38909
38919
39361
46245
48903
49095
36645
37251
41079
43377
43481
45335
37911
37921
18833
19543
20223
20685
20913
21101
21703
22135
23575
24441
24471
25891
27261
27981
30111
16627
17357
19507
19527
19847
20257
20287
20307
20757
20957
33815
39853
41029
41049
41759
44363
45205
34727
42661
42709
45803
45809
48121
48131
33057
36223
36531
17805
21975
23575
27895
17450
36637
36647
37493
37659
38071
43277
44573
46523
33301
42985
44779
48907
33597
16585
16915
16935
16945
16975
17395
17415
17605
17655
18255
19785
19855
20605
22745
16903
19055
20169
23541
24261
31159
31879
32609
19573
33983
34443
42923
45831
45965
47712
48427
47851
25083
26837
29605
30067
31015
31039
31207
32387
32753
18171
22575
22647
23231
23241
39029
39511
39543
39749
44129
45131
45911
46533
47343
47795
36907
38127
47195
47331
33879
35329
18831
27147
29307
29959
32177
16438
43277
46515
33421
34077
34841
35631
37397
37711
38545
38555
39265
46569
35385
37085
37287
17223
18061
20941
22391
24561
24775
25775
27381
29163
31041
31611
17367
18721
19549
33091
33363
34521
39909
44679
35123
37353
37363
37927
38741
39349
39473
44523
45805
45815
48851
35623
18119
26707
26553
16959
20240
41105
33239
34157
38657
39115
39767
39787
40347
41067
41277
45125
45367
45845
35375
36665
22136
37793
38211
44677
45387
45407
47753
33335
43027
43205
43363
45035
45755
46755
46785
47185
47755
47861
24271
29415
18765
19606
23415
34827
34973
35199
35213
36649
37419
37627
38139
39743
48465
32893
32903
32913
36081
43693
46079
33887
20521
26807
31171
29991
30909
31376
20025
34401
35403
40889
40899
41579
41787
44335
46867
36419
37185
37885
37895
38625
39793
40523
40859
42565
34305
35103
22781
23934
30479
26541
33661
40645
40963
46643
38451
38931
40451
42097
42107
44231
34455
34639
36541
36853
37941
17413
17547
18973
20363
20421
25015
25443
25735
31525
23091
28873
32405
20547
34417
37257
41849
44489
34153
35443
36419
37333
37343
39237
40241
47051
47477
28459
17830
21663
23801
25381
33761
37681
37895
39579
40051
42683
38009
42867
43319
43669
45611
46959
34907
35721
18783
19175
25895
23340
24075
17899
20923
32919
40741
40744
40749
41449
33301
36435
41685
42423
49071
34379
37277
16629
18811
18817
28981
29163
29523
19773
29225
30391
31623
17909
37353
37367
37377
38068
39557
41057
41675
46015
33311
43047
35843
29058
35277
36697
42171
46659
46669
47389
48975
33895
34587
38395
40465
40475
40763
40773
42203
42933
44151
48049
23491
26157
22139
19232
19317
33363
34153
38139
45255
33175
33885
34555
34677
35049
38771
39155
42297
34463
36415
26189
28287
28417
31605
31804
32315
32335
32345
16681
21701
34279
34365
35491
35631
40611
43577
43587
33649
33835
35665
36295
36873
34475
35297
24875
27065
27489
27829
17221
17749
19351
20091
21935
22485
27699
28641
29637
30751
32181
32281
16607
37085
41167
43779
45185
47071
36779
38645
39675
39959
45725
46199
33991
38065
16807
18955
19005
19685
21129
28817
29333
17219
18565
18715
21167
27297
27397
18619
36677
37407
37417
41567
42099
45889
47451
33711
34933
37703
38317
39721
40253
33243
29041
29537
31525
32245
17859
18814
38289
38299
38399
48885
36525
39073
39681
41969
43381
44101
44185
46361
48929
36779
37417
22841
24459
27429
29751
19475
21987
26499
26509
28087
19063
20665
21711
35767
36549
44515
44555
46951
34317
35047
35757
35925
37323
38043
38753
38763
40751
40995
43709
46961
27018
20690
20700
34699
34709
37579
37783
38299
38329
38537
38733
41555
41715
35391
37711
41211
42031
43135
43555
46445
33611
34823
17805
18535
22685
24165
24295
24375
24815
24885
25501
25795
29395
32255
16839
18631
21171
33059
34237
34247
35079
35697
37939
37949
38651
39411
43125
38919
38939
40267
43443
43529
45493
46213
46223
49101
35045
17635
19025
20109
28659
28985
30882
18599
35527
35537
35547
37631
42777
44899
45707
46283
48577
33685
34377
35411
36561
38921
33953
17035
17055
17095
18455
20605
21305
22035
23415
24135
30973
20003
20319
23209
23219
24617
27587
31899
32629
18821
39689
41181
44725
45545
35631
35767
37885
39791
40341
40503
40529
46019
34291
36171
23568
33069
34509
36101
42147
42867
44189
44909
44919
45457
34397
34537
38107
38157
38451
42509
47757
48049
37287
24521
16593
16869
17903
20205
30231
31451
17167
18629
19397
20067
20697
20727
20777
36467
37157
37187
37887
38607
39307
39317
40027
40261
40757
40791
42943
43307
48065
43657
44987
48183
48903
49091
34617
37225
17403
18601
22971
32633
18869
19612
37117
37413
38021
42695
48475
32815
39155
41989
46371
46569
46929
47281
34833
28641
31794
17559
22241
22941
23541
29291
29941
35781
38721
41715
47935
48081
33885
34605
34845
35325
40263
42231
48841
35455
35705
25605
26325
26799
27055
28567
30441
30675
30791
32253
16645
18429
18611
21897
25587
19817
20557
33079
34383
37531
41253
43653
33581
39567
45593
45611
45633
46353
32971
33477
36481
18631
19535
25345
28350
16821
34878
34885
35459
34927
35403
37185
40525
40833
42405
16830
19344
33961
37743
40295
40349
41927
42647
34167
39691
46753
47037
47317
47473
47483
32823
36129
22524
33159
36883
37325
37419
40347
44207
44227
44967
46397
46533
48713
35593
38363
45881
34401
36233
21527
24521
21155
22539
22730
22735
23469
23479
23541
23691
25131
34243
38561
39609
40319
44867
46471
46907
48367
38107
41415
44101
44273
48181
33753
37567
17365
22355
24595
18889
29577
30295
32465
18176
19081
19661
20475
32945
37491
40345
44165
47877
48081
48137
48867
39451
42047
43591
34657
37579
19255
19967
22085
27055
27155
27175
28109
29335
30055
31447
31703
16531
16739
20031
25935
17021
35553
35833
40641
40847
41147
43533
33049
34215
37863
38793
47623
48075
33389
24179
26210
26970
27035
17687
33089
33802
48047
41007
47559
36175
36275
18561
22607
25444
21957
33231
36169
41829
41839
46471
38863
39661
39801
41997
43839
44243
46327
47311
35123
38145
16493
17373
18853
20953
21121
21663
23363
22373
25813
26693
26703
16657
38253
38733
44239
47079
35853
36181
42661
45113
45591
45823
47421
47857
48569
17833
21225
24796
16399
31963
32573
36177
38995
39697
48867
36997
39353
40073
40695
40803
42727
48039
33097
34617
36995
17162
17892
21527
26879
18409
21471
23939
38173
43511
45761
45841
46373
33799
35159
35631
36441
36751
41125
44353
44867
47035
47755
16417
19681
20371
20835
22235
22915
22935
23655
23665
25377
25815
16681
23343
28861
28871
30301
31761
32471
33633
45199
46573
48581
49087
33263
38771
41743
42097
42337
33735
35619
36193
19791
22557
16598
36091
36313
47731
33273
33283
33973
35413
37259
41203
44479
44645
45481
47497
33937
35471
35823
18783
20393
21131
21851
23585
24073
25785
22077
24229
26025
26803
28851
30291
19689
33333
35271
36891
41665
43975
46523
33681
35121
37269
38021
41899
43947
47331
33501
34231
36351
16564
27324
40145
44133
48117
34119
37317
39921
33361
34091
34826
34831
35945
28981
22897
22971
22991
23691
26329
26671
27293
28121
28569
29289
29545
30301
32365
17337
21679
37657
39067
39787
40693
43207
47123
48029
38205
39875
40135
40585
40615
44849
45543
18621
18998
17929
27379
27845
31971
40909
42421
45899
46351
46515
34623
34885
36773
41745
42023
42837
44543
44871
45027
45037
45697
16425
27761
29193
29201
29933
16430
19785
26131
33583
35283
37185
37337
37977
45089
48649
33559
36489
37169
37217
41479
42005
31799
19584
31205
32337
39297
40017
44909
45111
45569
46655
46813
49061
37747
37757
47173
32949
35123
37189
37609
16815
17485
17670
26817
31169
26127
34083
34715
38453
41237
41343
41967
35147
35867
39949
44427
44903
44913
45147
48037
48597
32817
17053
17145
20945
19403
21859
26601
32609
32703
16885
37587
42113
45637
46357
47163
47511
48183
32813
34263
34581
35693
36609
38451
42759
43755
46493
16525
16897
16905
16925
16935
16937
16965
17595
17615
18045
18295
18395
19555
19755
19765
19785
19835
20435
20895
21235
22685
23445
29125
31511
23609
25749
43733
45713
46441
48465
33667
34815
37807
44985
45005
45695
45705
46363
48039
48343
49093
33439
33449
33591
34311
34321
35051
31533
32243
17653
21673
18619
20402
39551
48253
36395
43885
47605
32795
35997
36956
17868
31608
35383
40329
41573
41601
41667
40063
44523
46711
46723
46729
47423
47441
47453
48161
48163
48173
48181
48883
48893
33379
33887
36135
25221
28103
30253
16617
19381
20873
21065
23299
24009
24431
25171
27391
31011
19611
20497
32897
34593
34977
39523
43865
46757
34969
36285
37431
42643
42743
47437
36415
37683
17805
18445
19255
21415
23435
24307
24349
25585
25605
28585
28969
29955
30025
30685
29073
18211
33267
33287
33987
34707
38471
47225
36001
36191
37555
37565
42951
33889
34229
34609
37293
37557
16825
17045
17535
17595
17685
17765
17775
18285
18355
25595
26325
17077
17635
20679
22829
23335
17401
19905
32889
33389
33399
34129
34819
34859
35051
35579
35581
36309
39707
40081
46953
47339
34921
39211
45461
46121
48343
49101
2209
4091
4101
4821
8809
9191
12989
13765
14183
571
4161
5907
5917
5927
9329
1849
3363
4185
50573
52023
52723
61109
61809
64983
51409
56215
56429
56947
57149
57169
57879
58387
59007
59321
60447
61945
62869
5607
6981
8079
9679
14601
15207
15819
695
5137
6759
8819
9153
4001
59375
59002
60191
64105
569
739
749
841
2553
5425
8997
12199
15065
1619
2043
2791
10951
15641
823
50603
51343
52813
52949
53151
54933
54963
57793
57803
50517
50709
51479
52199
54127
59007
59887
60079
1055
3007
8703
12659
13369
3341
5973
7889
12237
12383
14097
15537
15547
15761
1027
4185
4927
50151
50193
49459
55199
52206
405
1485
1735
3303
5719
2295
2739
4427
9465
10175
10895
10905
10935
11645
14463
14769
539
2607
51303
58231
59043
61717
53641
55029
57879
57939
58175
59339
61409
61449
62339
62899
49375
1853
5965
6779
12033
14291
16317
135
5093
8295
9269
9941
10781
11935
11945
12665
12685
12695
52859
53873
53905
54768
57899
58415
63779
79
749
3357
9511
10421
11841
6927
7787
10165
13025
14201
16011
1313
2837
3673
56567
49357
58047
60369
50371
53559
815
8425
9771
16367
1891
2519
3211
6261
8305
12081
583
1273
2551
2665
2695
3281
58602
60350
4397
5441
6171
6181
7269
7289
7999
12009
13891
14437
5349
7865
8855
8865
9673
10295
10305
985
2335
3329
54303
54313
58207
59093
59923
63997
64551
64562
64567
64581
64229
64239
8423
8811
12427
13303
13487
15827
2449
2459
2843
4177
6581
10223
193
2963
49343
49653
49813
49943
50053
50353
50563
50673
50693
50763
51393
51423
51473
51513
51573
51743
51773
52473
52493
52533
53743
58145
58293
60885
64055
83
2113
4829
6785
10263
10357
11117
11141
7471
9951
13501
3233
3701
50517
61072
50271
61139
2649
2723
3389
4829
4849
5549
6207
6259
12747
4013
4107
4115
5331
11613
2609
4499
50181
56071
56132
56899
56541
61931
52685
5747
9301
10377
15885
15927
2341
6183
6845
9927
13849
14921
15345
16055
16065
689
3351
56023
56121
56483
58163
58523
58653
65365
57915
57933
61505
487
5539
10965
11027
11309
12591
14055
14403
5587
6455
9851
1509
51561
57259
58978
64269
51165
52277
3409
5485
6251
6961
7225
557
1453
5597
6559
8395
9133
9233
1461
1471
49703
49713
50553
50563
51213
51913
51935
51993
52003
52215
52663
52683
52703
53295
53433
53933
54853
56903
58283
58353
59003
61183
61903
62643
53909
919
4867
8307
9393
13589
13599
16207
1271
1891
2729
4103
4321
7305
15523
5305
54273
58129
65315
51451
51937
54067
56937
58387
60435
61709
61739
64379
52277
5593
5611
5621
6343
6351
6361
14799
1803
2153
2293
3311
8973
11645
1533
2343
2643
4229
51823
54013
54733
57564
58025
59761
50933
371
1091
5435
6591
6601
9531
11087
11097
11473
9021
11755
12791
13755
15353
1837
4093
4803
50629
57425
61072
65441
50999
52459
69
351
1325
6259
16315
2753
4171
5973
7149
14643
15381
89
1903
59625
60897
60898
54829
60785
62225
64259
64979
645
4373
181
2620
9759
14571
5071
64447
49175
54490
51717
3879
3889
3899
7621
9101
11185
11289
12119
15493
4149
5577
5981
14173
3265
4317
49275
50263
50273
51623
52187
59957
60901
54377
63331
49205
51103
52065
53829
1137
1271
1281
1291
4901
5631
5953
6351
13949
13959
14455
4501
5779
5973
5991
9401
9647
1243
1375
49693
49763
49397
51475
49539
51673
52444
2965
5453
8969
8979
10887
14983
2443
2623
7999
9441
9893
14029
4185
4917
49207
58925
59417
50813
55829
56247
56785
56967
64509
50405
50415
50743
51433
5073
7905
9561
9571
13941
16383
4565
7033
7395
7637
13931
15575
16285
621
1455
3207
49265
49495
49995
51829
52411
54741
57763
60783
50083
51141
52593
52631
6413
16185
1333
1343
1941
5207
5355
8065
10957
10967
11677
13127
14451
14709
16099
4739
57609
62507
56193
61109
2583
4295
7093
8947
10155
15583
16167
16293
763
797
14499
16299
5047
49213
63975
64861
64901
64911
49917
53109
53163
53201
53829
56001
58675
60063
60805
1823
3355
11911
12057
13005
13421
13449
14089
3415
4519
15229
2961
3471
3681
53894
55464
56204
4513
4829
5611
6891
12669
16117
16293
1837
4673
6153
6565
6869
10011
13195
51263
51973
58553
60597
54155
54365
55085
55161
56765
57889
49869
15845
16175
2839
5285
5293
6015
6735
8573
11301
13593
14809
16259
2027
2849
3727
51161
51766
52453
52503
57461
63567
49189
521
531
1183
2955
3597
10001
11141
6193
7903
7967
8687
9417
12197
12927
13551
1213
2319
55669
56861
61553
61609
63523
6841
7205
7551
7865
10761
11481
12931
14295
243
2373
4811
5091
6999
10575
15757
4423
54453
64525
52367
52443
58238
51029
53869
1115
2059
2595
3863
7073
8267
9699
11185
4507
8065
8523
10185
12175
16341
55397
57793
59093
50271
55129
55161
55485
58601
64055
49387
509
1721
2059
9541
10241
12577
13765
3149
8065
10469
11961
11973
12345
12365
3015
50573
51933
52693
52743
53263
53313
53323
54043
55473
57033
57053
57063
64691
51429
51439
53973
55039
57179
57209
57879
58649
61973
62159
52565
53325
1395
2623
2741
2989
3709
4439
4623
11753
553
2071
4161
5113
7143
14117
16353
5065
5103
49255
50573
52703
57083
57793
63741
52089
54995
58175
58447
58457
58945
58955
59157
59167
61287
10837
16087
16285
1660
2063
5899
7621
8259
53879
53799
54449
54539
54613
57981
58803
60246
1585
3343
8687
14253
14449
2675
5055
6003
9643
11209
15757
15767
113
123
3235
4327
59979
60731
60761
64867
50858
4277
6659
6949
7111
7121
9129
9483
14365
1133
3573
6163
6639
9339
11577
2345
2963
49213
50283
52293
52623
54209
54393
61409
53251
54155
60405
63753
51789
51799
3129
4079
4183
4513
4613
4809
5519
14163
793
4709
5391
399
1149
2279
4297
49785
49843
50465
50495
50543
52643
52663
53333
53443
57899
60415
61865
59319
51131
499
1219
5147
6545
12525
14683
15697
423
599
5069
7133
9697
2501
4767
49281
51263
59555
60951
52899
54645
55019
56459
57889
59157
61337
64311
64339
53839
2775
7505
12141
12241
14795
6003
6903
9043
9933
9969
12573
13223
3233
3243
50153
51188
54463
57445
51685
58223
4509
5229
6629
10175
11747
13777
15885
399
3687
4387
8705
15453
1849
4453
52750
57690
393
1409
1427
1591
5531
15215
15387
4173
8873
10387
13989
15603
2257
56804
56844
117
3583
4259
4641
5617
6621
11301
12523
13585
14097
15127
2465
4117
4849
60481
63989
65305
52563
54731
57677
60149
60435
61599
63799
63809
64519
65209
65219
49605
52387
53895
2319
2787
7411
8171
13453
14403
3283
5077
5241
6507
9707
10357
12527
13247
13843
4007
5275
54263
58660
55579
62339
50433
53051
4509
4519
7505
9483
11487
13085
37
341
4545
6079
6605
6819
10603
2601
3119
3683
4051
52023
52823
53151
53161
53513
53951
54273
54953
54983
56851
56861
57143
58573
50019
50759
52179
53639
55039
55759
49395
53075
53785
54175
3413
5529
5539
6805
8781
43
55
2431
5795
5805
6515
10185
10577
15811
2055
2777
2877
4001
18993
28749
31581
31795
32525
32599
17021
23237
26483
27979
19715
20425
34189
34919
36169
36869
36879
36959
42719
45405
45415
36857
39653
46133
48253
36075
29861
16809
27111
28083
28808
30961
17831
20653
33931
34919
35559
35589
35643
36269
36329
37059
37749
39221
42023
48817
44261
45903
48053
16515
19207
22531
22681
22897
23271
23529
24859
26665
27341
27695
28365
28823
21103
34985
44553
33423
34863
35593
41121
43029
43749
44869
47269
47405
33143
36103
37513
19389
21649
23069
24301
31353
32229
18013
19557
25213
25933
26579
26665
27299
28539
29209
20341
39359
40679
41067
43198
44359
46963
47109
47949
35553
40815
34283
34827
17037
19051
20951
22081
23351
23817
28365
28657
31541
32219
28055
16445
19231
21709
37685
39161
36191
46017
36994
37719
17733
17843
17853
27295
27739
17153
20555
24077
26433
31513
16495
18539
19565
21103
39658
39748
16511
17567
27431
28151
29131
29437
30687
31723
31733
21115
21463
31053
31309
31639
21143
34169
34919
36259
36459
37679
38349
38469
38999
43549
41043
42313
46231
47733
48341
20601
27563
28483
31913
19437
19757
20157
20621
21239
22423
32635
18429
20467
20701
46798
33924
34054
17257
20763
20773
22261
32081
18767
19725
19923
22121
23593
24291
25351
27081
31635
32353
40679
45897
45907
47869
48785
35543
37947
39643
40825
41565
44515
33221
34797
28333
28911
30859
17589
20677
23859
24409
25829
26549
27259
27279
28009
28719
28729
30335
31847
32627
20903
21179
35579
42922
43757
46375
47591
18035
23153
28891
31103
32613
32765
16949
19405
24917
25527
26021
26517
31099
31109
16753
20537
33693
33931
35883
36985
39733
41828
20349
20707
22815
24917
24979
28117
32105
20019
24997
25515
27383
30191
18893
19579
33319
34049
34081
34169
36179
36909
39871
48077
34523
35203
36493
41603
48067
34569
18029
19043
20493
21173
21223
23201
18607
23441
23689
24399
26839
26849
29649
17381
18035
19519
34553
35027
46205
48364
33977
17853
18583
19993
23359
26161
27421
28619
30889
31609
16645
23379
23389
24643
30185
18389
34081
39489
41445
48969
47116
48511
16917
19415
19418
21921
23277
16807
17845
19591
36361
33075
36899
36933
36943
37664
38363
40431
46045
16647
19445
24037
26053
29611
18003
20277
24225
28019
28739
31851
32561
18317
20029
21497
33029
33309
33319
33759
34069
34469
35239
36189
38039
38631
41065
43029
46819
35933
36075
19265
24555
29447
30057
31853
32095
18749
19053
20801
28157
29497
30945
31533
18289
32979
33921
34423
35061
36866
39069
19363
19759
30301
31989
17627
22377
23883
25653
26825
30493
32293
19483
33089
37685
42649
35567
34732
19107
20815
21125
21545
23035
28705
16709
18395
20129
22623
23343
24677
24773
24827
25445
28719
29439
17947
18667
19437
33439
33529
33959
34869
34959
36099
38969
40459
42709
42719
43439
36511
38443
40853
36015
21297
22157
23329
24423
24937
32269
18003
21637
21969
23613
27085
18955
19849
34849
36129
36216
36849
37661
37933
46861
17421
18311
19787
23589
22171
22181
22547
28019
28029
32477
17521
18061
18439
19061
33269
36259
48677
35389
46644
48801
35355
35367
37009
17081
20345
20405
21125
21835
21845
26527
20293
21241
23183
23427
26945
29857
17155
17165
17369
19929
34955
39311
34821
35497
39164
42275
43089
35105
17457
17475
17485
17975
18451
20537
23043
23529
27269
28689
20025
23771
24501
25203
21081
43991
48198
48978
46357
36231
17923
19209
25529
26953
27103
27673
29803
30523
18085
23847
25217
27185
28159
28869
32165
37629
44678
46165
48177
41237
48527
34595
21399
22861
25401
28163
30311
20149
25199
27639
28799
29519
32061
17677
18397
18739
19127
19137
19827
21609
35225
36967
39844
40554
46567
25471
25893
25913
26319
29949
29969
30041
32591
17083
19923
22965
27727
21005
21143
33739
35731
36069
37949
38659
41139
44099
44819
47917
48993
33465
35193
41673
46883
16389
19635
19981
20325
29103
31203
31833
31903
31913
31933
17525
22337
24311
24643
25041
25761
30373
17907
21739
44064
44794
45564
20001
20093
20823
24363
26187
26539
27731
32035
24707
25077
28035
18235
18467
19187
19907
21165
21175
34127
35125
37057
37445
37505
47169
37995
38735
39435
39445
40145
40165
40207
42387
43025
33063
35235
35383
18837
21107
22483
23923
23943
24351
24653
28891
28963
29693
29861
30929
19405
32423
17133
20167
20887
21517
37495
34604
36071
38933
39653
45589
47807
35171
37871
19733
20119
28361
16583
21087
21971
24463
24907
25135
27277
30835
31437
19803
48539
35563
36943
37709
37905
38281
39335
41525
41903
42013
42633
42753
43353
45235
48185
33671
34391
35463
19467
19763
21499
29113
30679
31697
31953
17283
18867
25559
17673
18893
21753
33343
36134
36184
37669
37933
16443
16861
17185
24819
27863
27979
31805
17255
20061
24653
28749
20081
38757
40207
41959
43165
44251
46567
47445
32919
37929
40173
47217
35445
37367
16405
18673
19383
26865
26875
23049
23771
24499
24723
25219
25585
26153
27183
29527
30947
32869
33019
33699
34409
34491
34629
35119
36701
44433
44481
45163
47303
47409
34547
35691
36819
17801
18589
21987
25751
26665
31427
19717
22945
25347
32115
32359
32631
18719
38908
39723
46657
36189
37059
38111
17341
19187
22117
23405
24135
26449
28825
29555
30603
30751
18913
24445
25523
26443
31969
20971
34919
35639
47468
33655
47485
34731
36015
16521
18195
18905
19253
20023
21273
28697
16757
16789
17499
19019
25053
30859
32339
19129
19197
19859
19907
34439
34609
34629
36251
36539
37379
37439
46123
33743
42937
45343
45921
36569
37457
17193
20753
26483
27203
27213
28643
32203
32443
22067
23799
23809
24529
26857
31871
16953
18295
19119
19745
19839
33454
36132
19749
20203
20315
20335
26815
30057
17511
18807
22429
23119
24579
25279
25999
26009
27361
17023
17513
43123
43563
46568
36589
17487
17719
17729
23129
29099
29703
30523
20867
23189
23489
24185
27955
31847
19479
32809
32829
32839
38019
38729
39459
40159
40459
46753
47613
37337
44811
47553
48277
32931
27605
30497
17213
18095
20043
20469
23449
24159
25449
25469
26179
26189
27047
27207
31733
19307
20717
20757
43268
33214
16813
20401
24485
26681
30189
17413
20579
24353
30451
30821
18113
19649
21021
36359
37537
38025
40477
33921
42235
42935
42975
42995
43625
43695
47315
48695
35601
35841
35981
36301
36711
37931
27583
31735
32635
17367
19034
19037
19751
27893
31057
34235
36213
39355
39621
42493
46863
46883
48323
38371
42125
43575
47609
36999
22411
25383
25799
26113
27691
27721
31175
31185
16931
16951
19247
24839
30261
16965
17331
17685
41169
42541
36134
36789
36854
36884
20293
20959
21381
21457
21739
22953
29039
32131
19027
20967
21221
21231
24941
19233
33149
33199
33281
33319
33889
33899
34059
34101
34169
34629
34679
34699
34841
34879
34919
35349
35429
35459
35541
35569
35599
36939
36989
38359
38369
40549
40569
33053
40755
44683
18421
20289
28295
28305
16417
18563
20239
20621
22645
23225
23957
26805
27701
27711
17867
20903
37836
46385
34689
17173
17893
18443
19163
21403
22575
22883
22893
23319
23583
23593
23603
24303
24797
25251
25341
27591
30159
31137
17421
33536
36629
37911
37929
46181
33451
20365
21075
21619
29827
31023
31033
31053
32319
18887
21967
23811
28889
32025
19127
19439
19847
21115
38694
35890
17015
17025
17883
17893
19323
25479
27049
28083
29673
32569
17213
19353
20203
21175
26967
21423
37603
47713
49084
35165
18945
27721
29791
31903
31913
17753
18141
18867
18871
28495
31163
32565
32595
18529
18539
19249
34235
35275
35285
39097
40263
45625
46355
33271
36983
40573
32987
34407
17129
17903
21985
25409
26829
17427
20295
22387
27331
27419
27429
27927
28859
17245
41583
46244
40675
44597
47475
36225
17525
21193
21597
21903
23343
23707
29253
29647
32041
18003
18723
24583
29029
30883
31613
16869
34111
47393
40096
45131
45567
18297
23455
26267
26325
26617
27135
27441
28983
30083
30549
31931
31941
17917
18233
18537
18547
20657
34573
35609
35629
36339
36349
39069
39919
40679
43429
39355
40785
42713
43971
46095
33681
33713
19231
26717
26945
28105
18013
18665
18713
22847
25613
26095
28965
29517
16805
34817
34837
47425
47813
34638
37651
24655
25087
25185
25355
26527
29477
32139
32157
17817
21175
23987
24255
26219
26909
26939
28621
32669
32985
34415
36065
39145
44061
33969
36537
36857
37551
40693
42133
47199
16909
23397
27729
28935
29451
29535
30255
30265
32045
32301
32765
17111
17639
17993
27257
27807
18173
44331
39595
39984
44219
16917
21619
22005
22735
22895
23455
30139
18217
24619
30313
31033
31043
32311
17331
20403
21437
21447
35971
36176
38381
39611
39363
48563
18083
23323
27883
28473
32153
32163
32711
16755
16841
18563
19157
20895
25527
28621
37929
42402
44213
39101
48963
18999
22037
22093
25905
17229
18487
21163
22095
24891
24901
25475
25601
25611
30485
30535
21763
32939
32959
33039
33049
36579
40901
41869
41899
42599
42619
43329
44049
45991
32943
33671
35063
39707
42853
44293
17191
18559
23607
20895
21659
22273
23647
28699
32621
16967
17669
17673
19809
35399
40313
40803
44081
46793
40675
43201
44539
45589
45635
45645
48619
18017
18999
19083
29003
29013
30049
31839
20895
22165
27685
30905
32111
17845
19675
20395
33009
33189
33199
34389
34719
34849
35429
42313
47363
48073
48803
36720
37455
17355
18095
18551
19555
19565
20285
22107
23877
24979
26103
27673
28705
28715
22191
29735
29797
19521
21631
43978
48188
20263
20471
20963
21169
28619
28657
32701
18077
26607
26757
17359
17883
18409
36176
40098
17807
19421
20763
21483
22193
22903
24333
29791
32025
32035
32081
32655
21433
22001
30733
31145
19603
37999
44153
49017
35188
44949
34595
36381
18999
20381
22065
22765
22775
22795
22805
23505
23515
26963
27491
27683
28413
30025
18877
19835
26143
26153
26467
29381
31897
21275
38569
41805
44691
38381
39926
34107
17691
17917
18105
18115
18433
19163
19269
28515
31641
32559
22399
24893
32165
18233
18783
20893
34129
34869
39149
44497
45095
45937
35293
36891
37085
39663
40045
40785
49107
17089
17595
21905
31147
22075
23669
24545
25761
25829
26021
26031
26353
31627
16631
18775
40460
38543
35764
27211
29809
29881
30239
16907
18507
20993
23301
26253
26993
16849
20137
20731
20739
33151
41043
40414
41525
41831
42471
17429
18101
21925
23365
27883
28221
28499
16723
17843
22215
22935
23193
24987
31373
20157
33481
39134
33805
19969
21259
29147
29377
18541
28624
28705
32901
35537
47478
33539
39789
39799
17219
19697
23473
23483
25135
25855
27029
27663
28225
32631
25663
31737
18893
20787
21267
42618
34822
16501
19723
21941
22183
24125
25251
27203
20885
24067
31823
32077
32695
18327
20477
21197
44432
34334
17719
19497
23123
24563
25183
25283
31581
32501
17687
22225
23195
24155
26643
31881
31891
39889
33055
37257
37381
41043
41071
42003
42723
43639
47425
33681
35951
36661
38013
18253
18589
20423
20433
21109
30385
31211
16549
17259
25099
25819
31093
31203
18717
20077
21527
35385
35685
35705
37273
39215
42493
33595
34877
35755
35933
36089
40045
41083
21997
23849
28111
29211
31499
32331
16601
21433
24693
25233
28273
29209
29219
29925
40818
33124
19257
19891
28085
28667
30483
22001
25643
26081
26623
26821
27521
27531
27541
28251
30205
32717
17789
34779
34879
41121
42151
41043
41881
42003
42723
43563
43893
45361
47593
48463
49093
32799
35507
25353
28751
30176
18475
25223
25361
31249
31969
21051
35639
36329
36587
37079
37799
40455
47119
33123
33853
34593
36891
41505
41545
42235
42925
48815
35013
16467
17391
20717
21559
24023
27813
29925
30189
31025
17115
17639
21483
30629
18455
34919
39507
39537
40237
40267
44487
45227
49017
38785
38795
44325
44335
45735
47485
47495
48839
35357
37833
18559
19981
21285
22405
23431
25611
27329
30529
30713
18897
19457
19585
29303
17559
34115
38911
44701
45425
46329
48011
36405
38391
41771
42155
43951
47561
35733
26981
27151
29129
29377
31227
31659
18003
21933
26555
27383
29885
16505
17205
17225
20529
33699
38445
41357
45463
46123
37541
40527
43053
43453
48803
35299
36165
37499
16835
18747
23795
23805
24611
25171
25341
28171
16889
18325
19059
20509
24611
27989
32395
19919
35803
41843
45037
46409
47421
33979
35635
36309
38485
35611
36931
17049
24069
27153
28661
29631
30679
20985
21443
22683
23195
26343
18719
33266
34491
48517
39393
48721
34009
17143
17853
17869
18589
20971
21987
23059
26945
27641
28131
20469
23417
27873
30577
20313
43124
45859
46685
47201
22817
27877
30595
20435
24405
24857
25145
26153
29105
31525
17541
17677
19439
20867
21609
32999
33639
34189
34919
35429
36989
41717
42039
43549
47839
33383
37109
47723
34827
35013
17715
21053
23355
24505
25935
28093
30287
17945
24907
31541
32601
20475
36085
40632
48231
38737
36175
17225
17945
21579
21609
21767
23945
31439
17367
17629
17783
18745
19123
21323
21723
30425
37390
18667
21869
23953
26681
29801
31161
32669
17627
17637
18231
18295
21417
21777
28407
29321
34140
39931
43067
37183
16847
17047
17407
20367
24629
28465
18618
19047
33339
33419
33439
33449
33469
34059
34109
34129
34639
36279
36349
36359
37069
40639
41339
42069
42079
42799
42829
43549
44969
48995
38911
49033
49043
37483
16675
16735
18175
26609
30759
31053
17807
19853
23243
23269
24927
24947
20895
20945
21645
33129
35402
37825
34707
41991
42535
18587
18609
20217
20563
20927
28483
28941
18121
19019
24219
24929
26787
17433
20971
48351
48818
36059
38631
43735
34255
20259
20959
21547
27299
30985
32415
18855
21211
23313
23785
27267
30005
31037
18057
37307
37865
39939
39949
40593
33131
38725
41555
42917
43045
47465
37071
18431
18999
21313
24139
29203
32193
32231
16539
16577
17269
23225
24409
24907
26457
31363
17423
33089
46007
47826
47836
22645
23529
26409
26539
29541
29551
31325
31335
31907
31917
16941
17141
19247
19463
24683
32513
32877
35207
36607
46073
46627
36253
37601
38261
39863
33001
33111
34511
35883
35981
38111
17867
21847
23457
29045
29046
29783
30413
20193
24075
29007
18493
20893
38327
34752
17049
20015
28611
31449
32427
16647
16763
19033
24995
27499
28689
31525
16397
17697
19337
20271
35663
37089
37146
37181
41493
45425
38401
19609
23437
23579
24935
24945
24955
25655
25695
26385
28439
28535
29985
30679
30821
17147
29059
18697
19613
19969
33199
33309
41959
41781
44464
47403
36729
19197
20381
22829
23339
31203
32703
17403
24707
26607
26643
27307
27519
30991
19591
45431
45585
34244
43317
44715
16939
17173
17885
19057
19323
23663
25759
17255
17793
23723
32217
21609
35963
38050
42369
43115
18589
18675
19923
28901
19127
24198
32999
34639
35471
35559
37069
38029
39751
42739
47271
34595
34953
17047
20897
26853
26863
27573
28071
28391
28791
29083
29745
30439
30465
30485
25145
29457
17195
18625
36405
42165
42865
42937
47693
47997
36857
42035
45615
49065
33391
36085
36095
37715
17369
22189
22325
25211
29135
29873
30373
30591
31305
19209
19919
21533
21373
42305
36537
43650
16465
16691
17885
19305
22109
22357
23995
24959
32523
32591
18987
20885
20977
21275
21445
33195
38747
40635
38461
38770
38777
18895
19723
19733
25787
27477
27561
27817
28077
21433
23059
27047
30947
17117
18153
34081
34771
37329
37359
45703
46863
36675
37651
33627
34009
34027
34899
37719
28871
20857
21729
22537
26659
28473
30281
30289
31001
31009
31017
31043
31731
16957
20475
21195
39257
40692
46855
36439
43459
44917
37473
16397
17369
17379
17779
19623
24387
24611
32025
16695
16761
22599
31057
16433
20971
33339
36893
39972
36127
37399
16411
22605
27815
30139
16841
23109
27815
27945
28987
31959
19077
19329
20291
37685
41107
45791
33859
37491
41319
42739
45845
47049
37173
17513
28445
30101
19095
21399
22741
26477
28219
28249
32455
16397
18177
21043
35385
38520
28483
29695
29989
31903
31913
32689
16949
17659
18013
18163
18389
19129
22803
19579
19799
20271
33319
35869
36609
37399
38119
43563
44203
34135
34303
34865
37883
39915
40497
41987
48809
19905
22847
23507
28443
28453
28739
28769
31945
16791
18349
20977
22143
22417
25921
16621
38616
38656
17049
22645
22735
26241
29045
16551
17599
17609
26143
28135
28869
29969
31785
17271
39737
37521
39955
42723
46253
32931
35253
21045
26165
30329
18221
18275
20947
22347
29425
30623
31377
17351
17411
18097
18233
33195
37113
42493
44841
46701
48131
34707
39031
47955
48675
34791
35871
17071
19987
22109
25165
21845
22459
23189
24325
24383
26601
27361
27677
30905
16859
34465
40045
40055
46359
48990
37433
21449
22289
23009
24257
25455
17765
17925
18877
18887
21689
25395
25613
25661
19087
35167
43639
34520
42225
43247
18759
25101
28661
31853
31863
16929
18369
20885
22655
21333
21334
21337
36223
33494
33563
34214
36695
41755
18853
20163
20883
22555
28269
19469
19577
23407
26343
27017
27407
31145
17957
18727
19347
19437
20137
20147
20797
33516
38145
44863
41959
44133
17577
20029
23365
28399
30867
16797
17393
17507
17895
18043
21231
27127
16773
17807
17817
18203
18547
18557
34834
47691
48789
34017
18217
24643
25163
25903
29205
17327
17451
20167
25627
27955
28333
30247
18647
21143
43866
45366
23205
25993
26003
28137
28871
29725
20913
24741
26211
17573
18091
20291
21265
21357
46181
34694
37664
47485
21987
22289
26713
26723
27673
28259
29113
30523
17987
18695
20125
21271
29463
17579
20057
20067
41159
44089
48369
49144
33159
46985
18559
18895
19615
21173
29881
30679
31053
19625
20175
20895
30293
31667
18205
20433
20671
39165
41038
41718
18543
19387
26539
29675
31527
18247
22741
23491
30677
30821
18515
21223
21609
35867
41987
43387
36899
43379
44137
44715
45325
46197
46775
46965
47425
47625
48215
32821
34011
16887
19075
20359
28909
16591
16807
17497
19373
23439
25663
25963
27539
31803
17063
17783
39588
41225
42483
47165
47471
19699
22809
29177
31067
31489
22473
26607
27335
28523
28801
29875
16443
19233
19839
40341
41551
41763
43205
46939
33931
35741
45221
34575
34613
36485
16735
20349
23535
29919
30497
30593
30603
30613
31313
28823
29587
31053
31453
31959
32173
21557
33505
34455
43865
48651
32844
33549
17245
17955
18685
18695
20145
20779
21489
21585
22917
23953
26113
26609
18063
19481
19511
24109
24119
24819
24829
27107
29097
30273
31487
35968
39834
41264
25411
27740
28131
25341
30227
16397
16789
18327
35327
35419
35843
36289
41501
44421
47003
35313
35333
36137
17247
20197
20917
25419
26203
28365
28609
30975
31581
16731
17451
20871
31621
17397
17965
32859
33459
33549
33569
33599
34259
34269
35639
37079
37799
40275
42179
46645
35313
37483
38913
39663
40373
40393
43243
45453
35003
20311
20887
27213
28973
29653
29693
30669
31733
17559
18269
25435
25527
25537
26135
27317
30753
33127
35350
47423
38005
38777
23225
27907
31053
16731
17431
17451
19875
22671
25805
27603
27965
28333
32567
16825
18469
33919
36157
46024
47801
19793
22931
25331
18475
18995
19017
23575
27635
28759
29497
29867
30031
31235
17417
18137
36265
44787
34604
38889
40429
34283
17027
18807
19227
23969
28765
24907
29541
30089
30099
30261
31155
16859
17013
17359
21721
33787
40095
35805
35996
25273
31141
31727
32427
19421
27497
28031
28036
28039
28731
29461
30181
17423
32901
43813
43873
43991
44345
45257
33169
39041
39925
46819
18999
23493
25001
25607
27491
27777
29335
32481
19311
21389
24511
26815
29507
30557
36105
36845
41641
41745
49089
40645
45745
46415
48535
48545
32861
33493
33775
35013
20533
20623
20831
24555
26995
27385
27675
28923
20001
22891
23117
25361
26101
26277
26821
27541
30297
17677
37373
46793
32885
32895
33615
33625
33921
38129
40115
41717
42265
42915
42925
42945
43087
43695
43705
48705
34451
36573
37633
19379
19387
19397
20069
25787
28587
29203
31343
18137
24907
25859
26757
30159
30319
19295
39949
41605
41843
42573
45197
48795
39505
41685
41791
42785
22247
22693
29495
30205
30207
30210
30539
30915
30925
31297
17199
17909
29925
20405
37565
46863
33331
33363
37257
37573
39041
39435
41497
43987
45325
46695
17451
17663
22837
26313
27691
28375
18383
31353
32463
17423
20581
20877
21349
35121
41571
41653
42499
32844
32963
20119
25983
26723
27433
21097
21817
22423
23005
24031
24751
26815
30367
30415
30657
16859
20951
39103
42789
43419
43691
44149
47009
47761
36179
37601
39961
48041
48479
37289
22297
27673
30041
30749
31123
31499
31527
18197
18833
23325
24201
28745
29197
34985
35745
35935
42165
35276
37183
20987
25959
26819
30723
16815
17167
18405
19987
21667
22843
25969
28221
18717
20959
34909
42235
36414
37039
37183
16831
16939
17769
19197
19227
21733
27157
27877
28689
16963
24267
26777
30185
17937
21773
32800
37695
43019
16839
18279
18363
19233
28197
28269
30595
18417
22995
28529
30577
32025
16621
19239
21685
42183
42465
44969
47993
48600
35061
17791
22057
22509
23845
26331
28111
30895
22347
25341
27635
28333
20525
21235
21245
21701
36725
37685
42665
48303
34857
36339
36857
37059
39229
39687
43269
16979
17695
18105
19917
24367
25799
30057
22777
29815
31043
17187
20477
20827
20991
32911
38343
48590
40035
46421
36955
25299
30985
31705
32055
16647
16963
20235
20485
24497
26865
28461
28729
29191
31017
31737
37961
37739
45814
16609
18589
23239
25053
25925
25945
26645
26943
27673
31325
32525
16391
21023
32743
16551
19005
19015
20903
34369
45383
44989
35156
21025
21035
22769
28535
29413
30059
30143
30777
31007
16405
20475
22001
26929
18079
32919
33429
33779
33789
33839
34081
34139
34189
34499
34519
34879
34889
35599
36339
40489
41209
41969
41999
42679
42719
42729
44159
35791
36511
33775
36137
17979
21859
24257
24765
27157
32435
18309
19039
24873
26547
28063
28803
16433
37485
37495
38155
43955
45771
49143
37673
38777
39983
39993
41353
41413
42053
42073
42123
42133
43503
43553
44193
44223
46373
16709
28447
30209
30889
16745
18079
18099
18733
18789
18799
19509
19519
20229
23601
26345
27225
17007
19493
19613
43790
16491
16501
20263
21013
24289
27881
28815
29737
17713
19661
27017
27231
28483
19205
20701
34089
35063
35559
36415
39555
43033
47229
38057
49107
36291
37811
21063
22483
22493
22503
24957
25213
30677
16685
24475
26001
26143
26741
27461
27585
31175
19007
33906
18845
20335
21815
22707
25899
29141
31771
17115
18081
18745
19429
24321
25041
27363
20085
36573
37290
42713
47009
27443
28163
29191
29487
30311
31297
18065
24181
24557
27605
29589
31595
16735
17109
33187
33217
33427
33757
33767
34097
38247
39555
39657
39667
47141
42225
36661
36801
16875
22337
26891
16545
20057
21591
23733
27197
31931
32651
16691
20577
35877
41444
45721
35933
18999
22337
23279
17949
18659
22405
25413
29441
29787
32175
18727
19507
19929
21245
21369
32819
32859
32899
32939
32989
32999
33579
33629
33699
33879
33889
34319
34449
34459
34489
34619
35139
35359
35769
35839
35919
35939
40341
43903
34107
34827
