161
241
271
311
411
431
441
551
951
981
1121
1271
1661
1841
2361
2371
2751
2771
3031
3041
3051
3061
3181
3351
3411
3461
3471
3791
4111
4141
4191
4331
4491
4501
5201
5261
5581
5981
6661
9941
7965
10337
63416
54062
849
859
2179
3019
3069
3729
3799
4939
9399
12899
12929
12939
12949
13669
14359
14389
15059
15109
15789
83
145
205
885
1535
2245
2325
2345
2355
2955
2965
2985
2995
3023
3675
3785
4463
4473
4475
6655
9485
10905
10915
12485
13055
13125
13135
15225
15945
15955
341
1281
1781
2351
2501
2511
2765
3121
3131
3211
3741
3761
3941
4481
5161
5211
49636
41
681
701
791
1371
1381
1391
1421
1501
2181
2191
2201
2801
2851
2911
2921
2941
3531
3561
3611
3641
3661
3671
4291
4341
4991
5011
5741
6461
8553
8611
8621
9301
10041
9043
1905
2625
4825
53128
2427
11071
13021
2743
5509
6229
11617
15187
15897
973
1683
2233
2933
2983
3633
3753
4343
4373
4403
5083
5123
5133
5193
54222
61030
51466
41
161
661
13705
3205
5643
5653
6343
13605
13615
14325
15875
15915
241
1591
2311
2361
2381
3101
3831
4541
4561
51026
51916
8569
10029
15049
175
1565
2315
3015
3695
3735
4365
4405
5075
5135
5215
5845
6645
7183
7265
7295
7365
7965
9405
9505
9619
10105
10245
10925
10935
10975
12315
12355
12405
12965
13055
13065
13075
13695
13775
13795
14485
15135
15225
15905
15915
171
481
991
1151
1161
1211
1891
2451
2611
2771
3071
3161
3201
3331
3521
5101
53838
59192
4567
5267
10847
455
10919
11629
2237
2503
3213
3657
3933
4075
4643
5363
5373
52554
63730
52816
1491
1501
1521
2141
2201
2211
2221
2241
2261
2931
3651
4381
5101
5791
5801
7201
7921
8641
10811
15001
15721
2937
3657
4257
4267
4357
4977
5087
5697
5707
6457
10617
10637
11347
11357
57736
51120
5551
6351
87
807
817
1537
2247
2939
2957
3697
3707
3717
4437
4641
5137
6413
7287
8737
8767
9477
9497
10177
10207
10857
10907
11637
11647
12307
12337
12997
13017
13047
13143
203
883
933
3093
58246
51466
54278
553
3717
14399
15049
15109
955
1565
2255
2265
2285
3695
3895
4435
4605
4999
9395
9455
10165
10885
10895
14443
15163
1631
2721
3471
4211
4231
4281
56240
58144
55976
91
111
121
131
141
151
811
831
841
861
871
1511
1521
1541
1551
1561
1581
1591
1611
2211
2251
2281
2301
2311
2931
2951
2981
2991
3651
3661
3681
3711
4361
4371
4381
4391
4441
4451
5801
9201
9283
12511
16131
693
59394
53696
2807
13759
14469
14479
15179
15189
15199
1987
2657
2667
2687
2697
2717
3357
3367
3387
3397
3407
4077
4087
4097
4117
4137
4817
4827
4847
4857
4867
5537
5547
5557
6257
6277
6287
6297
7007
8871
13819
359
1129
51182
59224
2895
3823
3901
4601
4611
5271
4001
6017
6737
7447
7457
7467
8289
9697
10407
10427
10437
10447
11887
12609
4579
59520
52098
7249
7979
9379
10563
10909
11529
12269
13019
14499
15209
15889
225
2425
3849
4575
4595
6045
6675
6695
6725
8115
8135
9565
10335
11035
12455
12535
12545
13205
14675
16155
471
1201
1231
1931
2571
61926
281
311
321
341
711
1061
1121
1151
1301
1421
1431
1641
1731
1771
1791
1801
1811
1821
1841
1861
1881
1911
2471
2491
2521
2531
2731
2741
2751
3061
3231
3451
3461
4031
4041
4101
4171
4781
5531
5591
5621
6261
6301
7321
7721
8481
14235
16081
52024
52046
54006
61
781
1541
2201
2221
2791
2901
2931
2951
3621
3641
3691
4361
4391
5045
5101
5791
5801
5841
6551
6631
7231
7241
7341
8515
8661
9381
10309
4865
54346
1809
1819
1829
3889
4589
7779
8499
10629
15119
3235
3765
4185
4385
6505
7215
7225
7243
7535
8655
10095
10105
10775
10785
10795
11485
11505
11639
14951
15755
31
81
801
3541
3581
3821
4281
54792
58376
50680
7659
9559
10289
10439
10999
11009
11729
12379
12569
13037
13089
13099
13129
13339
13899
14539
15249
15269
15929
15979
241
335
1035
2075
4605
5345
6065
6785
6805
6815
6825
14689
3845
4981
64030
51716
54228
3611
9445
9797
4905
12957
13637
13647
13657
14327
14337
15027
15037
15047
15067
15077
15737
15757
15777
43
83
93
95
103
105
113
133
153
793
803
805
813
823
833
843
853
863
883
1493
1503
1513
1523
1543
2173
2183
2213
2223
2233
2243
2253
2263
2313
2903
2913
2953
2963
3633
3653
3683
3693
3703
3713
4353
4363
59824
60154
65190
701
3371
4081
4841
4861
6301
7033
7271
9181
9201
12113
13551
14271
14971
14981
1497
2177
5077
5087
5807
14935
5107
64234
51010
691
1401
1411
1431
2111
2131
2141
3561
4291
5021
5031
5751
6361
7091
7851
7901
7911
8541
8621
9261
12131
15811
797
3737
7357
10887
11647
11657
12377
12387
13117
13807
13827
14477
14507
14517
14527
15257
15277
15287
15947
15977
15987
16345
293
343
1013
1023
1703
1713
1743
1773
2443
2453
2493
2503
3153
3163
3173
3203
5203
5253
58466
53980
65320
1041
1051
1761
9677
10853
10991
14611
15561
16293
2297
3219
3675
61860
53508
553
8369
8439
8449
8909
9129
9159
13889
1745
1755
3185
3675
3685
3925
3955
3965
4385
4405
4415
4635
4675
5105
5115
5845
5935
6155
6543
6585
6635
6655
7295
7985
8005
8245
8725
8735
9425
9435
10105
10145
10155
10825
10835
11565
14081
14455
15265
50698
50348
4451
5151
5171
5881
5901
8609
12529
12569
12759
15399
1717
2427
3137
3147
4587
4607
4617
5337
6057
6067
6077
6797
6807
9825
10377
1777
2153
2163
2173
4353
52668
64472
54290
4795
4921
4941
5651
5661
9261
9971
9981
9991
10681
10711
10721
11391
11451
11471
11481
12101
12151
12831
12861
12871
12901
14361
15031
15071
15081
15741
67
77
87
97
797
817
1527
1537
2257
2287
3421
3737
4397
4437
5867
6133
6597
6617
7307
7317
8017
8047
8757
8767
9457
9477
9487
10187
10927
11647
13747
15187
233
953
63150
65178
65298
723
4769
5103
5125
6525
7255
7273
7995
8705
9425
10133
10135
10145
10815
10845
10865
11525
11555
11575
11595
12275
12381
12985
13655
13685
13695
13715
14365
14375
14415
14445
15075
15085
15135
15845
15875
16015
121
351
871
891
901
2251
2261
2311
2371
3011
3021
3031
3681
5111
5251
5281
49806
1413
8953
11739
11959
12509
12689
13199
13209
13929
13939
14599
14649
15359
15369
16019
16079
1065
2515
3245
6095
7485
8295
8857
9577
9735
9745
9755
11165
11175
11205
11915
12625
12635
12655
13355
13385
14667
54228
13787
15539
4927
6825
7355
8725
8735
9525
10175
12355
13133
13265
13285
14045
14065
14735
14755
15225
15235
15275
15465
15545
15825
15985
16005
16225
241
261
291
301
531
1701
1731
1771
2081
2131
2311
2361
2511
2851
3031
3081
3141
3161
3471
57736
64892
51786
53128
175
895
7431
7441
13297
15043
1213
3819
4409
10931
2345
3787
5195
65354
50052
1401
1541
2131
2841
2871
2903
2921
2961
2971
2981
2991
3601
3631
3641
3651
3661
4271
4281
4311
4321
4381
5031
5041
5051
5081
5101
5111
5171
5701
5711
5743
5771
5811
5841
5851
5871
6471
6481
6541
6561
6571
7201
7241
7951
8691
10781
10801
10811
11531
12261
13681
14373
14411
14431
15851
897
907
62624
55742
321
331
341
351
361
371
421
461
1141
1151
1161
1721
1881
1891
1931
1941
2361
2381
3791
11765
3425
3435
6325
9707
11137
11147
3917
4037
52100
53214
56902
231
561
571
581
591
611
621
631
641
661
681
1281
1291
1321
1331
1341
1351
1361
1371
1391
1991
2001
2011
2031
2041
2051
2061
2071
2101
2111
2131
2141
2151
2341
2741
2771
2781
2831
2851
3061
3493
3501
3511
3521
3531
3541
3561
3571
3591
4231
4251
4281
4291
4311
4971
5001
5031
5741
6431
6441
6451
6461
7161
7171
7851
7891
8035
10327
61064
49374
39
109
519
2249
2259
2689
2889
2899
3109
3609
5017
5769
7249
7969
8019
8659
9369
9419
12289
14419
14499
15129
15149
15189
3015
5215
10975
11311
15065
121
831
2151
2851
3311
4741
4761
61672
49168
117
6229
2207
2387
5977
6027
6047
6737
6757
7417
7427
7447
8097
8107
8137
8147
8187
8857
8897
9567
9579
9587
9627
9647
9657
10287
10299
10317
10367
10377
11017
11077
11707
11727
11739
13147
13237
13877
13897
13917
14607
14617
14637
14639
15349
15357
15387
58820
64076
58416
5643
6275
6363
8615
13085
881
9193
14269
359
1379
1799
2519
3249
3259
3989
53762
60072
64106
311
1081
2591
2631
2651
3725
4435
4445
5945
6093
6675
7393
7445
8165
10295
11713
12425
12495
13215
13865
13885
13893
13895
13913
13925
14665
15375
16045
401
1171
1801
1891
1901
2519
2531
2571
2591
3251
3261
3281
3291
3301
3981
4051
4101
4681
57520
56040
361
1101
1121
1761
1821
1841
2481
2561
2631
2641
3281
3341
3361
3381
4061
4101
4821
4831
5511
5531
7731
8451
11361
11381
12041
12051
12061
12071
12081
12761
12771
12791
12821
12841
13501
13511
13531
13679
14241
14261
14941
14951
14971
15001
15701
15721
27
37
3607
3617
4337
5037
5057
5717
7177
8587
9297
10727
12147
14297
14317
15717
43
65254
54256
6565
6897
7235
7955
12135
13305
1209
1261
7513
8233
9731
13921
16221
5197
53094
58416
64888
1995
10729
13383
14379
145
155
5895
7355
7375
8065
8805
9575
9605
10295
10975
11595
12475
13145
13865
13875
13895
13905
13915
15385
15945
15985
16025
16075
391
501
971
1101
1131
1211
1239
1891
1981
2401
2411
3101
3231
3259
3391
4011
4061
4081
4131
4781
4891
52924
59224
6745
7849
7875
9289
10739
10749
11439
12949
13629
15829
125
835
1565
1595
1605
1615
2335
3035
3713
3715
3735
3765
8833
9455
10935
11595
11615
11633
11643
11735
13055
13083
13195
13803
241
281
991
1201
1211
1439
1711
3071
4481
52264
60832
7389
8231
10019
10029
15189
15199
15919
265
985
1625
2345
2395
3065
3075
3685
4395
4405
4545
4575
4605
5065
5075
5885
6015
6765
6775
7395
7505
7965
8155
8845
8855
8885
8895
8925
8935
9655
10405
13265
13645
13685
14715
14725
15185
15445
16135
16155
1591
1601
2111
2291
2731
3011
3215
3561
4291
4851
4991
5001
51218
57206
58064
53316
55472
161
1331
1413
1581
2021
2041
2681
2701
2731
2741
2751
2771
3391
3411
3421
3451
3461
3471
3491
3751
4161
4191
4303
4401
4421
4921
5121
5131
5151
5831
5841
5851
5881
6521
6531
6571
7271
7281
7291
7991
8983
12043
3391
55290
57038
5203
6983
7959
14449
15029
15169
15889
205
905
3005
3795
4445
4505
4525
7445
8165
9309
11207
11665
11675
11937
12375
13065
13765
13785
14475
15195
15915
251
1271
1631
2331
2691
57312
61640
53608
181
191
221
231
951
961
1651
1661
1671
16161
497
507
891
1217
4243
6511
15475
16195
16205
541
1311
4735
60426
57332
2635
10403
13689
13699
13709
15859
2943
3825
6695
8105
8165
8845
9545
10955
10965
11665
11685
11765
12395
12405
12415
12455
12485
13115
13825
14555
15275
351
1011
1791
2297
2631
3341
3351
4199
4851
4861
60660
64428
311
321
341
1031
1041
1081
1101
1721
1731
1771
1781
1801
1811
1821
1831
1851
2361
2401
2411
2421
2491
2511
2521
2551
2601
3081
3121
3131
3191
3221
3291
3301
3361
3811
3821
3831
3901
3931
3941
4071
4521
4551
4571
5201
5261
5271
5361
5961
5971
5981
6691
8631
13041
3439
4091
61482
50348
241
421
451
471
541
551
561
571
611
621
1141
1151
1161
1181
1191
1271
1281
1291
1861
1881
1941
1961
2011
2381
2471
2681
2721
2753
3181
3361
3371
3381
3401
3411
3681
3771
4401
9047
12579
12589
15161
15881
11087
53246
57592
62360
52366
4221
4981
5791
6401
6451
6491
7141
7241
7271
8491
9221
9261
9291
9371
9941
9971
10081
10267
10671
10721
12241
13561
13571
13581
13621
14381
15011
15021
15101
4427
5021
5147
7327
7337
50266
60194
10453
11151
11161
11171
11173
11191
11201
11871
11881
11883
11891
11893
11895
11907
11908
11911
11913
11921
11931
11941
12601
12603
12611
12623
12625
12633
12641
12643
13321
13331
13341
13351
13353
14051
14071
65452
31
41
51
61
71
81
751
771
781
801
831
1451
1481
1501
1521
1531
2181
2201
2221
2241
2883
2911
2921
2941
2951
3425
3601
3611
3621
3631
3651
3661
3671
3681
4321
4341
4361
5051
5771
5781
5791
6503
7941
8651
10151
12301
3721
9831
12039
57802
59192
8395
13897
1947
2667
3377
4277
4287
4997
6437
7909
14307
14327
15017
15027
15047
15057
15067
15737
15747
15767
15777
83
2873
3613
4303
4333
4343
4353
4363
5033
5063
5073
65254
65232
9905
13215
9717
9747
10447
10457
10467
11157
11207
11867
11877
12607
12617
13317
14007
14017
14057
14067
14077
14087
14717
14817
14827
14837
14887
14927
14947
15567
15577
15597
15627
15647
16257
16277
16287
16297
16317
16337
643
673
1253
1283
1343
1393
1993
2003
2023
2043
2073
2093
2713
2773
2783
2793
2813
3433
3443
3493
3495
3523
3533
3543
4213
4225
4253
4893
4953
4963
60792
50852
16341
667
1387
1397
2097
2107
2807
2817
2827
4267
12557
12567
13307
14047
14057
14347
15047
15067
15477
15767
133
153
163
613
793
833
893
1503
1523
1533
1543
1583
1593
2053
2083
2093
2113
2123
2173
2183
2213
2233
2253
2283
2303
2519
2813
2833
2873
2893
3013
3543
3553
3593
4243
4283
4303
4343
4963
4973
5373
59692
65212
5467
7079
7789
7799
8509
8519
9229
9239
9959
9969
9979
10619
10649
10659
10669
10689
10699
10709
11349
11359
11369
11379
11389
11409
11419
11429
11439
11703
12089
12109
12119
12139
12149
12809
12839
12849
2721
10011
11481
12901
16171
309
62956
64446
1031
1083
1371
1741
1751
10591
13221
13231
13961
14095
6177
6187
6887
6897
6907
6917
6927
7607
7617
7627
7637
8357
3071
3091
59554
53838
1691
2401
2411
2421
3121
3131
3831
3841
3851
5251
5961
12663
14447
14457
15157
15167
15177
15897
15917
15927
233
913
923
953
963
973
1055
1633
1643
1653
1673
1693
1775
3237
3425
3833
5375
59294
50464
9511
10221
10231
13773
5505
6225
6235
6945
7675
7685
8395
8405
9125
9381
9395
9405
10309
12509
12587
12639
13307
60352
61086
5489
9089
10855
14207
1445
1455
2205
3799
5755
5775
6475
6485
6495
6515
7757
10155
10785
10835
11505
11515
11545
11595
12205
12215
12275
12945
13655
14385
15165
15795
15885
221
881
2201
2211
2911
2941
3001
4341
4441
4461
51076
7527
8757
9589
10657
10667
11435
12155
7183
8015
8025
9985
12215
14195
14965
14975
15001
16255
16335
1301
1411
1431
2091
2101
58416
6417
15209
255
955
965
2295
2415
2445
2455
3715
3775
3805
3905
4545
5245
5255
5275
5315
5865
5875
5955
6189
6715
7395
7425
8175
8885
10275
10295
10895
10905
10915
11035
12355
12415
13035
13045
13125
14971
15225
15445
15985
16005
191
251
941
971
1211
1271
1661
1671
1681
1921
1971
3091
3141
3341
3411
62404
64478
53956
1331
2051
3929
7865
11695
1155
2605
10083
12231
13845
14515
15995
351
1011
1791
2571
3311
4621
4661
5311
5351
53542
2731
3451
4017
4181
4709
4901
8481
9941
15061
15781
2267
6557
8717
8727
8737
8747
9427
9437
9447
10147
10187
10197
10857
11547
11587
12297
12977
12997
13007
13017
137
193
203
243
903
913
933
943
1613
1623
1653
2343
2353
2373
2383
3073
3083
3093
3803
56840
58028
58376
55286
57002
50390
1693
2357
2413
3935
5315
10197
11637
14805
10561
10749
11335
687
50976
53256
17
589
599
1289
1309
1319
2019
2029
2039
2049
2759
7003
15041
15761
97
817
827
1139
8779
11969
12689
5227
62256
64234
57002
1605
11675
14795
1979
3797
4517
5217
5227
5237
5947
5957
5967
6677
6687
7397
8107
8117
8127
8817
8837
8847
8857
9557
9567
10287
14275
1835
2615
3355
4075
4085
49834
61306
3853
12531
13669
14359
15099
165
2295
2315
3035
5943
8785
9585
10975
11645
12405
12695
13085
13785
13815
14525
15245
15945
15955
15995
251
301
311
961
1151
1221
1711
1751
1781
2401
2479
2489
2591
3141
3161
3191
3201
3371
3861
3911
3941
4171
4561
4781
4801
4881
5281
5371
64856
52488
53716
6993
109
307
1027
4347
7327
7897
8047
8617
8757
8767
9337
9507
9517
10057
10217
10227
10907
10937
10947
13767
13889
14497
15217
15237
15917
15957
243
3633
4595
51076
54660
149
1559
2989
4135
4389
4469
4479
5059
5079
5139
5169
5769
5819
5879
5899
6489
6549
7279
7929
7979
8029
8039
8699
8759
8769
9379
9389
9429
9449
9459
9469
9489
10119
10129
10139
10189
10209
10819
10859
10869
11559
11569
11599
11609
12319
12977
12987
13039
13049
13163
13719
13749
13759
13779
14409
14419
14449
14489
14499
14603
15159
15209
15219
205
235
905
915
1625
1655
1665
1675
1685
3065
3085
3095
3105
3125
3785
3793
3795
3815
3855
4505
4515
4525
4535
4545
4555
5225
5245
5265
5945
5955
5975
6665
6685
6695
7385
7395
8105
8115
8125
8145
10285
11005
12445
15315
51766
55430
56102
3181
3341
4061
5491
5501
6221
7331
11281
11311
12001
15159
15869
925
935
2425
4625
4635
5345
5355
7485
8925
8935
10365
10375
11065
12545
13265
13995
14725
15455
15475
16155
16165
511
4199
53454
65470
12599
1555
2245
2955
2975
3015
3675
3705
3735
4435
4495
4537
5135
5205
5215
5257
5885
5915
5925
5935
5987
6585
6605
6635
6645
6655
7355
7365
8085
8137
8715
8725
8785
9485
10155
10185
10905
10915
10925
10965
11625
11635
11645
12365
12817
13125
14515
15215
15985
221
941
981
991
1041
1051
1771
2411
2491
3151
3161
3201
3221
3831
3851
3931
3941
4551
4631
5281
5291
5301
5331
5341
5351
5361
5381
50784
1565
5489
6919
6929
6939
6949
6959
7639
7669
7689
7699
8359
8399
8419
9069
9159
9869
10589
11229
11829
11989
12689
13409
13419
1025
1259
2495
3437
3945
7625
9065
10505
11235
11541
11935
13515
14975
49810
56162
2601
12257
15761
67
77
777
787
1527
5413
5807
5837
7277
7977
8677
8717
9417
10137
11557
13037
13717
14327
14337
14417
15177
15877
15897
63
73
83
93
113
143
823
843
853
883
1101
1533
1573
1603
1811
2263
2293
2993
3703
52472
54564
6289
6833
7119
7747
8569
8589
8609
9309
10789
11173
11489
12089
13619
13629
14339
15089
15099
15119
15769
15839
135
855
865
875
955
1545
1585
2285
2355
2365
2995
3025
3105
3715
3725
3745
3895
4545
9535
10205
11673
1251
1941
1961
54978
61374
63508
1449
5817
1409
3685
3705
4495
10239
10773
12365
12405
14445
15175
15185
15463
15985
15995
221
351
1251
1271
1901
2001
2711
50244
60974
53838
301
411
421
441
481
1081
1141
1161
1171
1181
1191
1231
1529
1539
1801
1811
1831
1841
1871
1901
1911
1931
1941
1951
2541
2581
2611
2631
2641
2651
2671
2979
4071
4081
4101
4111
4191
11071
5089
6651
6977
11927
11937
12287
51766
58760
101
111
2261
2911
2951
2961
3631
4351
4401
5001
5081
5101
5701
5771
6431
6521
7141
7161
7183
7201
7861
7911
8581
8651
8691
9331
9341
10021
10267
10781
11461
11471
12181
12191
12241
12901
12931
13641
13671
14371
15071
117
167
1577
1587
14225
51708
62656
603
7729
8509
9159
9169
9889
9899
9919
10609
10619
11319
11329
11339
11349
11359
12049
12059
12099
12779
13499
13509
14219
14229
14289
14939
14949
15009
15019
15669
45
725
735
765
1349
1445
1455
1465
1687
2165
2175
2185
2205
2387
2417
2935
3117
3127
3137
3147
3817
3827
3837
3847
4527
4537
5277
5987
6707
7427
7447
60368
8929
9049
11969
12359
13359
16311
1805
1979
2627
5995
6015
7425
9585
11595
13275
1551
2271
2291
2991
4341
5061
60462
62882
1467
12261
12981
13691
13701
13711
14421
14431
15141
4467
4487
6627
6637
6647
9487
9507
9517
10197
10207
10227
10907
10917
10927
10947
11637
11647
11657
11667
11727
12327
12347
12357
12367
12387
12457
13087
13097
13807
13817
14517
14527
15237
15927
15937
15947
161
171
273
861
871
881
993
1571
1581
1611
2291
3833
4553
5101
51298
61598
11211
11221
11231
11941
11951
11961
11971
11981
11991
12661
12671
12711
13381
13401
13421
13441
14111
14121
14131
14141
14831
14841
15571
15611
15621
16291
16301
2315
2829
3559
7305
7557
8025
8035
11003
671
49714
64234
3301
3881
3951
5491
6529
7521
7651
7969
8679
8699
10119
10829
10839
11539
11549
12999
1477
3825
6675
6695
6715
7415
8135
15333
15361
15589
50922
57138
3311
4011
4031
4741
4751
4771
5481
5491
4561
11441
11451
12353
13063
14513
14631
16141
3959
5065
54606
4301
4311
5031
15211
16287
2383
8587
9257
9967
9977
9987
10687
10697
11387
11407
11417
12409
13129
2923
3623
56156
64094
53226
601
631
643
653
671
681
683
693
1351
1363
1373
1381
1391
1393
1401
1403
1413
1431
2031
2051
2053
2061
2071
2083
2091
2093
2113
2121
2123
2131
2133
2141
2751
2761
2763
2773
2781
2783
2793
2803
2811
2831
2841
2861
2871
3481
3491
3493
3501
3503
3511
3513
3521
3531
3551
3553
3561
3571
3581
3591
4191
4201
4213
4223
4231
4271
4281
4283
4291
4971
4991
5001
5011
5701
5721
5741
5751
6431
6441
6451
6471
7131
7161
7171
7181
7881
7901
8003
8601
9331
10031
10041
10051
10751
10771
10791
12201
1925
54000
55644
2873
4303
13611
15751
117
827
837
1517
2257
2967
2997
3667
3687
3707
4407
6389
6577
12927
13567
14267
14277
14467
14997
15897
15907
15927
183
233
783
1473
1523
56466
60154
64116
64490
65202
1917
2285
2295
3045
4465
6055
7865
9427
9437
10093
13967
4601
3631
3641
3651
4361
4371
51968
49412
61926
63926
501
511
531
541
551
571
1221
1251
1261
1281
1301
1951
1961
1971
1981
2031
2041
2051
2731
2751
2761
2993
3471
3481
3491
3501
3999
4191
4709
4719
5429
5439
9859
9571
15511
589
2635
3365
57006
64264
55644
1047
11309
15649
16379
15
715
2165
2175
2523
2875
4295
4713
4995
5005
5025
6445
6485
7155
7175
7205
7865
7885
7905
7925
8585
8635
9275
9295
9305
9355
9985
10065
10785
10805
11915
12165
12719
12875
12895
12905
13371
13555
13575
13595
13615
13625
13635
14285
15525
16255
16345
16355
479
671
691
2111
64372
53306
51
71
501
771
1221
1241
1271
1421
1461
1971
1991
2001
2021
2141
2701
2721
2851
2901
2911
3411
3431
3451
3571
4151
4881
5581
5591
5601
5611
5621
7081
8521
8531
15077
15817
113
833
843
1523
1563
1737
2273
2963
5063
64964
50954
52124
151
271
401
411
441
521
1141
1221
1251
1303
1851
1991
2021
2661
2681
2691
2701
2721
3361
3391
3401
3431
3461
3481
4161
4191
4201
4221
4861
5581
6301
6331
6361
7021
7041
7751
8531
247
8385
14403
51214
58792
4823
5553
7387
10155
11019
12459
365
2505
3235
3285
3955
3965
4005
4735
6155
6175
6875
7605
7615
7675
9085
9705
9785
9795
9965
10415
10425
10435
10505
10515
10615
11245
11955
11965
12675
12685
12735
451
1171
4091
59468
60566
62580
291
301
321
331
351
451
461
511
521
571
871
881
891
901
911
931
991
1001
1191
1221
1231
1251
1261
1291
1621
1641
1991
2661
2671
2721
2751
3391
3411
3471
3701
4181
4191
4891
4901
12575
12585
13295
13315
14035
14055
14065
14775
15515
16215
16235
16245
16265
551
561
1311
1321
1331
1411
3961
52744
58000
60154
54238
4449
4939
7109
8469
9937
11849
12079
12289
12299
14309
14389
15019
15737
2275
4137
4245
8685
10175
10895
14425
15145
15155
15845
271
1721
2451
2461
2471
3701
3811
3899
3941
57084
64280
8651
8661
8681
9381
10101
14971
15691
12699
13927
13947
13957
14617
14637
14667
14677
15357
15367
15387
15397
16057
16077
16087
16107
16117
16157
413
443
1123
1263
1273
1853
1933
2073
2683
2693
2703
2713
2733
2867
3403
3413
3433
3453
3533
4073
4123
4133
4143
4153
4163
4253
4263
4843
4863
4873
55430
58268
3239
3613
4739
5947
7387
11687
11707
11727
12427
13137
13167
13887
15327
15337
15347
15957
15987
16067
16077
303
353
393
433
443
1053
1063
1083
1723
1743
1873
2425
2583
3153
3193
3213
3323
3863
3883
3893
4053
4593
4723
4773
5325
50564
60562
61
741
751
1461
1531
2631
2641
2901
3641
4001
4011
4731
12317
2641
3075
3785
3795
783
793
5297
50962
65486
52516
2101
7047
7787
3377
4949
11673
14065
14395
14405
14415
14425
14775
15125
15135
15515
15535
15795
16205
16235
16255
141
561
591
1321
1331
1571
2041
2061
2071
2081
2211
2281
2771
2801
2811
2821
2901
3521
3541
3581
3611
3621
3631
3641
3771
4261
4291
4301
4311
65176
52486
5991
11535
11565
12357
15137
15163
5921
9289
10131
12851
1557
49744
61624
291
311
341
351
441
541
581
591
971
1111
1141
1151
1181
1191
1221
1241
1251
1271
1281
1291
1701
1751
1801
1841
1861
1881
1931
1941
1961
1971
1991
2021
2431
2501
2511
2531
2551
2561
2571
2591
2611
2621
2631
2651
2661
2701
2721
2731
2741
3201
3261
3281
3321
3341
3391
3421
3441
3451
3981
3991
4091
4101
4151
4161
4181
5945
9925
9995
10425
10675
10685
11385
11865
11875
12095
12105
59294
4977
7869
8569
9299
10009
10019
11459
12899
2981
5019
5141
5911
10321
16243
1937
3377
4137
4147
4867
62046
61482
6833
14193
21
741
3559
3859
4569
7439
557
567
1019
1297
1307
1317
62360
52936
4411
5831
5841
6551
7261
9411
10121
10141
10151
10871
12311
12321
13011
13041
13741
14451
15181
15851
15871
15891
15901
207
217
227
237
425
927
937
947
1135
1145
1637
1647
1657
1667
1845
1865
2347
2377
2565
2575
2585
2595
3275
3285
3295
3305
3315
3325
4025
4715
4735
4745
4755
4765
5445
5455
5465
5475
6185
43
763
1463
2103
3747
57216
54740
50628
647
1583
8589
15851
15861
187
207
1667
1687
2357
3067
3107
3127
3787
3837
3847
4507
4537
4547
4557
4577
5227
5257
5267
5277
5287
5957
6007
6667
6697
6727
7417
8107
8137
8147
8937
9547
9557
9587
9657
10327
10337
10387
10997
11007
11027
11087
11737
12477
12517
13177
13187
13227
13237
13907
13927
13957
14617
14667
15347
15357
15367
15387
15427
16067
16077
16087
16127
4065
58154
50066
231
241
961
1141
1171
1231
1851
1861
1871
1881
1901
2581
3381
3391
7841
10741
10751
11461
11889
11899
14609
14899
15319
15619
2593
2775
4063
5445
6175
6875
6895
7615
9055
9775
9785
10495
65474
56282
52710
12765
4447
5147
5157
5867
5877
8067
8767
8987
9567
10227
10897
10927
11147
11607
11637
11647
12367
12567
12597
13027
13067
13317
13787
14497
14737
15207
15397
15927
15937
16117
883
1683
1723
2403
3303
3323
3813
5233
50776
52142
81
2751
4111
4161
4851
4861
5571
6301
7061
7071
11903
12253
14717
16157
16177
523
1875
2083
2773
2793
2803
2813
3523
4213
4263
4953
4973
59046
50092
261
271
281
291
321
581
611
621
1321
1381
1711
1761
1861
1891
2501
2601
2621
2751
3271
3381
3411
3451
3501
6085
6805
10137
10867
13697
13727
14427
1593
1977
2303
51412
57084
61422
1767
4181
5721
7071
7443
9951
10495
10681
11401
13601
14291
14321
14341
15021
15061
15741
107
1557
2277
2967
3687
3707
7287
8027
8717
10157
10877
5373
52478
1469
2299
2909
3729
3739
3779
4705
4869
5219
5553
8749
10869
11497
12139
1555
2255
3615
4759
5125
5815
6495
6525
7255
8705
9335
10775
10785
53690
58468
5021
13891
14611
16031
16041
16061
327
1047
1777
2427
2447
2477
3187
3197
3217
3907
3927
4607
4617
4627
4637
5337
5357
6077
6087
6807
6817
7477
8207
8217
8227
8237
8247
8287
8297
8957
8987
9027
9677
9687
9727
9737
10377
10387
10427
10437
10447
10457
10469
11137
11147
11157
11167
11197
11857
11877
11887
11897
11907
11937
11947
11957
12577
12587
12607
12637
12647
12667
13357
13387
13397
13407
14027
14057
14067
14087
14097
14117
14127
14727
14817
14887
15537
16257
57372
54238
1961
2981
4421
5841
5871
6551
6581
6591
7271
7549
8309
8741
9039
9451
9461
9779
10151
10881
13751
14451
15881
257
937
2367
3097
3107
3807
4517
4537
5977
6687
9577
10187
13027
14727
15397
15407
16127
4367
49422
59682
61758
52376
701
1401
1411
1431
2121
2141
2151
2831
2861
3591
4961
4981
5011
5701
5721
5731
5741
6391
6401
6421
6441
7121
7131
7141
7161
7191
8591
8611
8621
8631
9291
9991
10001
10031
10041
10721
10741
10751
10761
11431
11441
11451
11461
11471
11501
11511
12161
12171
12201
12911
12941
13631
13651
13661
14371
15081
15111
15821
127
137
147
157
167
887
1567
1587
1597
1607
2277
2287
2297
2317
3007
3017
3027
3037
3047
3747
3757
3767
4447
4457
4487
5119
5167
5177
5187
5877
5897
5917
6627
6647
7357
8047
8059
8067
8087
8767
8789
8797
8807
9487
9507
9509
10217
10237
10247
10937
10947
10957
11617
11647
11657
13057
13067
13777
63084
58884
53608
1611
1621
2331
4431
4441
5161
5171
10359
13219
665
2165
4325
4555
5775
5915
5925
6495
6505
7165
7215
10785
12925
14965
14985
15625
15655
15695
16345
16355
661
681
2041
2091
2131
2759
3541
3581
52734
63010
54400
701
711
2141
14251
15879
215
517
1237
9377
9387
10817
11537
11547
12257
12267
12977
12987
13707
16071
1997
5023
5033
49364
52350
2215
5165
14291
14301
14311
15001
15011
15021
15031
15721
15741
15751
15761
67
77
87
797
807
1507
1517
5949
5999
6719
13119
13839
1035
1675
3127
56216
58430
1707
6369
11457
2245
2351
2995
3765
4595
6585
6635
8015
8735
9555
10165
10935
10945
10953
11545
11655
11665
12375
12405
15273
15975
15985
15995
16015
299
351
3131
3221
3941
4291
4311
4631
5021
5311
5321
55084
60810
52506
1395
4727
4955
4985
4995
5685
5705
5715
6465
10909
13069
13079
13779
15083
10189
16061
16071
1867
54228
51466
1019
1059
4619
4699
6079
9817
12709
13449
13469
14265
2825
7135
14345
15725
16305
51
205
1785
2061
2221
2505
2811
2831
2931
3521
3531
64796
64766
1
11
171
391
421
431
481
491
511
901
941
1121
1131
1151
1671
2741
3071
3081
3361
3781
3801
4111
4121
4131
4521
4531
4841
4881
4901
5201
5211
5221
5231
5911
5931
6621
6631
6641
12529
13229
13239
13249
2679
49766
52164
4357
4387
4899
10847
1877
1887
3015
5215
5935
6645
7345
8805
11675
12405
13115
13125
13205
13305
14025
15235
16005
241
251
341
961
1701
1771
2321
2491
2501
2511
2541
2971
3571
3641
3671
3771
3811
3831
3851
3941
4371
4511
4851
5311
5351
5391
60412
64132
2477
6195
8597
14623
1213
1821
11739
13853
14573
15933
3297
4279
53772
51512
3261
4001
4621
5301
5311
5361
6021
6031
8111
307
1017
1747
2437
3147
3167
3187
3197
3207
3897
3907
4387
4397
4637
5327
5357
6037
6747
6757
6767
7267
8207
8217
8917
8937
8957
9707
10397
11107
12619
12647
3503
4509
55468
57116
8575
12283
14307
7969
8689
10589
13649
14075
14369
339
469
489
51286
181
191
201
5589
10429
11129
11139
11159
11839
11879
12539
12559
12579
12679
13269
15779
1875
2125
2165
2595
3525
3555
4995
5015
5025
5685
5755
9225
10045
10055
10785
11435
12195
12835
12865
13303
13503
16313
55496
58136
60198
2407
2427
6067
12473
1549
2171
3737
4447
4457
5765
6485
6617
7347
8757
9467
9477
10833
54610
49412
57414
59082
2491
2511
3871
4581
7011
10759
11479
14221
3557
4267
4687
5397
5417
5427
6117
7137
7587
9027
9747
9767
10497
11207
12057
12767
12797
13171
13507
13517
14907
15577
56276
1431
2479
2489
3189
3199
6135
9567
10287
11007
11017
11027
11037
11727
11747
11767
12171
12447
12457
12477
13187
13197
13207
13217
13907
13927
14657
15367
16087
16097
16117
16127
453
463
1173
1183
1883
1903
2593
2603
2633
3323
3333
3343
3353
3373
3943
4043
4063
4103
4633
4783
4793
4803
4823
54186
55948
57936
5063
8213
15131
15851
3787
4537
4547
5237
5247
5947
5957
5997
6667
6677
6687
6717
6727
7407
7457
7467
8107
8117
8129
8137
8147
8827
8859
8867
9577
9597
9617
10289
10297
10309
10327
11017
11019
11067
11087
11717
11727
11737
11747
11767
11769
11787
11807
12447
12457
12487
12497
12509
12517
12519
12527
13187
13197
13207
13217
13227
13247
13909
13919
13929
13949
13957
13969
13977
14627
14649
14657
14659
14667
14669
14677
14687
15369
15379
15389
15397
15407
15409
16087
16107
16137
433
443
453
463
483
1153
1183
1193
1223
1945
3373
50776
63388
12415
13641
13661
16199
827
837
1537
1567
2997
3677
4427
4437
5857
8767
10937
10947
11627
14497
14517
15207
15897
15947
16007
16297
213
293
973
1643
1683
1733
2423
2503
3763
4483
4633
5223
5343
59570
65474
53700
58972
51
71
701
791
1431
1461
1481
1491
1501
1511
2151
2201
2221
2861
2871
2911
2921
2941
2961
3571
3591
3661
4301
4311
4391
4401
5011
5071
5101
5731
5741
5791
6531
7191
7911
8691
9401
12669
13419
14139
14869
16309
645
2153
2477
60128
543
601
2021
2051
3481
3501
3511
4191
4231
4941
4991
5543
5661
5671
5681
5691
5701
6411
7121
7141
7151
7831
7861
8581
8591
8611
9301
9311
9321
9331
9341
10021
10031
10051
10751
10771
12223
15833
1599
6883
8333
1411
50966
14083
14589
15149
15879
235
245
915
965
1685
2385
2425
3115
3145
4495
5905
6005
6695
7325
7375
8055
9563
13275
13975
15365
15435
15965
15975
16165
311
491
801
1211
1251
1301
1501
1511
1641
1651
1971
2341
2481
2671
2701
2751
2811
2941
3071
3161
3171
3391
3401
3661
4131
4401
4591
4811
4901
4971
5091
5121
55948
50072
1009
2399
2439
3109
3159
11837
12467
12557
12567
13197
13257
13287
13297
13307
13787
13797
13987
14007
14017
14027
14627
14637
14687
14697
15227
15237
15347
15397
15957
16077
16087
16097
443
1237
1693
2103
2793
4163
52688
59504
1413
365
845
1095
1425
1535
1565
2145
2155
2275
2995
3015
3155
3265
3675
3945
3955
4365
5035
5115
5125
5165
6515
7285
7295
7305
7995
8025
8715
9385
9435
9445
10045
10065
10155
10185
10685
10755
10765
11505
12915
12925
12945
13595
13605
13615
13625
14245
14255
14285
14295
15025
201
2191
2655
2961
51306
59052
51526
8991
9001
11831
11981
14601
4475
5195
5417
5467
5905
6127
6187
6207
6867
6877
6897
7355
7607
7617
7627
7657
7677
8287
8307
8327
8367
8387
9017
9037
9047
9097
9147
9747
9787
9797
9807
9817
9827
10497
10507
10527
11277
11997
12677
12767
4579
57226
60510
625
11519
4083
9647
11867
12567
12577
13277
13287
13317
13367
13377
13387
13407
13997
14097
14107
14157
14757
14847
15497
15527
15597
16287
16337
543
563
673
683
693
1355
1375
1413
2033
2063
2083
2115
2123
2125
2133
2665
2763
2813
2863
3533
4963
52034
56418
65298
50792
10267
10369
11699
11839
12509
12529
13219
15949
1085
2119
3925
4645
4655
4965
6085
6485
6805
6815
7215
9157
10075
10085
13355
14055
541
811
1281
2279
51306
56282
65154
2821
3147
3541
3551
3561
4281
4291
4311
4991
5021
5701
5731
5751
6411
7161
7181
7871
7881
7911
9331
9351
10061
10071
10751
10791
2669
5177
5897
5907
5917
6627
6637
7347
7357
7367
8067
8077
8787
14507
15927
15937
243
253
283
293
303
1643
2353
2467
3063
3093
3803
50390
51686
551
601
1941
1991
2031
2701
2741
2751
3391
3451
3471
4221
4231
4911
5651
7041
7101
7881
8491
10001
11451
12181
12911
12931
13405
13621
15081
15811
3707
5857
12977
13707
14407
15127
15907
243
973
1703
3763
51988
63936
9765
10495
13641
14361
15081
15791
16073
147
2287
2297
3727
5907
6607
7063
8047
8087
8787
9487
9507
10187
10917
11647
13107
13767
15237
15257
1013
1043
1703
1713
2463
3133
3163
3223
3903
3923
4643
5343
64742
53202
661
691
1391
2081
2791
2811
2851
2861
3571
3591
4221
4311
4951
4981
5011
5021
5661
5671
5711
5731
6401
6411
6421
7091
7101
7121
7131
7151
7161
7171
7831
7841
7881
8551
8581
8591
8611
8621
9261
9321
10021
10701
10741
10761
11491
12201
12211
13621
14371
15051
15081
15091
15771
15801
15811
15949
127
137
157
797
817
827
837
857
1517
1557
1587
2237
2247
10663
4445
56286
62496
62830
50544
7183
7741
7751
8461
10001
10011
11245
11461
12871
13591
14205
14311
14321
15021
15761
531
4937
5159
53904
56472
61828
51026
5685
6079
6089
7853
8573
5189
10739
10749
14259
14857
14867
15587
15749
15939
61060
49748
1017
1473
2467
7637
7763
9165
9639
9875
9885
10585
10605
10615
11315
12035
14981
15839
3439
65460
62552
693
703
973
1413
1423
1433
1703
2153
2873
3847
10925
10987
10997
11697
13127
4371
10151
52134
51238
1449
2169
2889
2899
4831
4851
4861
6311
6519
7031
7189
7949
7959
7969
7979
8599
8609
9329
9339
9369
9389
10769
10809
11281
11991
12001
13329
14009
14019
14069
15129
905
8997
4321
4981
57740
64754
4541
5261
5281
5971
5981
6681
6691
7401
9583
10971
11691
12401
13111
13121
13141
13861
14245
14551
14561
14571
14965
15281
1
149
10089
4805
54228
56778
58424
2863
7791
9241
9251
9281
9961
10001
10011
10691
10701
10721
10731
10741
11431
11441
11451
11461
12111
12161
12171
12841
12861
12871
12881
13581
13591
13611
13621
14291
14301
14311
14321
14331
14341
15001
15031
15041
15051
15061
15711
15741
15751
15761
15781
47
57
67
77
87
107
117
137
787
797
837
1497
1517
1547
1557
1567
1577
2207
2217
2247
2267
2277
2937
2947
2957
2997
3007
3647
3657
3667
3677
3747
4367
4377
4387
4397
4417
4447
4467
5097
5107
5117
5137
5157
5807
5817
5827
5837
6527
6537
6557
6587
6597
7237
7257
7287
7297
7307
7967
8007
8017
8037
8667
8677
9417
9437
9467
10107
10117
10137
10857
10897
10907
11607
11627
12307
15671
65156
54586
1707
2459
5269
10919
11659
11669
12077
13079
13799
13819
15159
15879
15979
1475
1715
2185
3105
3145
3835
3845
4415
5295
5305
6035
6495
6515
7195
8885
10755
11405
12645
12895
13255
13365
14095
15515
1591
2121
2681
2741
3441
3521
4171
49834
65236
651
1381
1391
1401
1411
1421
2091
2111
2121
2131
2681
2701
2821
2841
2851
2861
2871
3541
3581
3591
4101
4311
5001
5021
5031
5521
5591
5611
5621
6471
13221
13931
14425
14661
3473
3483
51876
52212
195
1165
6665
13561
13711
9469
11537
14317
14387
15047
15067
15097
15767
113
793
2233
2933
3583
4303
5013
60324
60268
5131
5449
5469
10399
12679
14119
15149
15159
15869
5
1425
2795
5855
6145
6153
6875
8895
1211
1461
1931
1961
2171
3691
4271
63170
65460
4249
5729
7475
8609
9309
11649
14339
15029
15229
15939
875
1585
2405
3005
3715
3845
5885
6615
6635
7315
7335
8055
8735
9455
9485
9973
10185
10905
13025
13035
13695
13725
14475
15985
951
971
1571
2785
3071
3711
51988
54460
8853
9573
12489
14897
5625
6625
6825
9673
11133
11175
12625
13365
15245
15255
16065
16105
16275
291
491
1111
1231
1241
2541
3151
3171
3281
3881
52688
54316
55958
60032
52466
8181
8191
8881
11149
11343
12499
13919
13929
395
685
1085
1095
1105
1115
1385
1415
1633
1805
1815
1825
1835
1845
2535
2565
3235
3265
3985
3995
4025
4685
4735
5405
5425
5445
5455
6135
6855
6865
7615
9055
9785
11215
5147
59170
719
4319
4959
5009
5739
6479
7819
7919
9279
13633
13749
15199
965
1665
1911
3015
3095
4545
6705
8185
9625
10255
11565
13175
1281
1785
2001
4091
4811
55474
54078
2273
2293
7851
11007
11159
11859
11879
11889
12569
12589
13289
13309
14005
14009
14019
15459
15469
15479
16085
5781
7929
53060
321
401
411
641
1391
1479
2189
2791
2801
3501
3571
7229
7259
9399
9409
10011
10731
10741
6895
7615
16325
16335
5107
58964
50442
63468
511
561
2021
2751
4201
4221
5251
7091
10769
12219
2015
3475
3615
3625
4225
4265
4325
4925
4945
4985
5045
5665
5705
6415
6445
7175
7885
8525
8565
8605
9305
9975
10655
11425
12145
12165
54798
57176
2411
3911
7939
9787
10819
14291
14311
14331
14991
15021
15041
15051
15711
15721
15741
15761
15763
57
87
777
797
809
817
1497
1507
2217
2237
2257
2277
2947
3007
3667
3677
4407
6527
6537
6547
7287
7297
8707
8747
9417
12307
15187
193
213
63244
4481
4881
5201
5941
6591
7311
7401
11291
5097
8727
8737
10157
10167
10887
12337
13757
13777
15887
2237
2917
3623
4283
5063
58004
51066
53706
5661
8551
9271
9991
10721
12181
13591
14331
14813
15061
15071
15149
15781
37
117
757
965
1557
2287
2957
3667
4417
5827
5837
5847
6547
6557
7267
7307
7317
7997
8037
8047
8737
8747
8757
9457
9477
11597
883
1573
2283
3663
60620
1771
1821
1841
1851
2411
2421
2431
2451
2471
2511
2531
2561
3111
3131
3141
3171
3271
3281
3291
3831
3841
3851
3861
4011
4521
4571
4581
4591
5251
5261
5281
5951
5961
5991
6001
9447
10677
3865
1137
4465
60312
60496
53132
2971
3671
4381
5071
5569
5579
6299
6309
6359
7089
7809
11849
11859
11879
12445
12589
16057
1259
2153
2973
4735
4745
11285
11295
12765
12775
13475
13485
13495
64182
729
3171
3891
3901
8749
9469
13055
2443
3163
10255
10985
11015
11705
12435
12445
12455
12495
12505
13165
13185
13195
13215
13245
13955
14655
15345
15375
15385
15475
16025
16125
16245
451
481
541
561
581
591
1101
1291
1911
1921
2021
2611
3351
4681
60544
52478
889
957
1529
2259
3729
3759
5119
5879
6579
7279
8009
8707
8719
8739
10119
10139
11595
13069
13789
15159
15219
2965
2995
3085
3675
4545
5537
5913
7275
9375
10095
12275
3561
4251
4971
5219
54098
50310
64822
521
541
551
641
651
661
1261
1271
1371
1401
1431
2091
2101
2811
2831
2841
3541
3551
4291
4991
5001
5011
5741
5941
6451
6461
7315
14341
15061
15071
1151
1161
1801
2521
3241
3251
3261
3271
3281
3961
3971
3981
3991
4691
4701
4711
4721
4731
4741
57736
62970
4819
4829
4839
5539
5549
6269
6289
6309
3387
4097
7903
8633
9303
10159
13689
15089
15099
125
145
3531
54776
55494
381
391
421
431
441
451
651
661
1111
1171
1871
1951
1971
2661
2741
2751
2811
3471
4843
8227
9971
13317
4795
5505
5515
3145
3855
49494
50000
52466
2309
2851
3107
3117
3827
3837
15407
15417
16019
355
365
1085
1715
1805
2435
2467
3845
3855
5357
58714
52264
973
8985
14383
15245
181
4421
5199
5929
8651
15909
16099
16109
1265
50876
49886
739
779
1449
1459
1469
1479
2179
2189
2199
2693
2899
3477
121
841
7381
9353
14645
14655
15355
15849
37
2611
2621
3341
4061
4781
59498
61120
171
181
2617
2661
2671
3391
4121
4851
5581
5967
1861
3059
3779
7703
8093
2657
55430
59780
971
1021
1601
2331
2341
2391
2421
3031
3061
3091
3131
3751
3781
3801
4441
4461
4531
4541
4973
5131
5161
5191
5211
5231
5241
5251
5693
5851
5891
5901
5911
5921
5931
5951
6423
6571
6591
6621
6661
6681
7291
7301
8421
4017
5007
2627
53162
51466
171
1165
3721
4353
7213
7301
11433
11571
12971
15861
109
12487
12497
1503
1513
1543
2733
2823
3473
3543
4163
52622
59052
63076
5081
5761
6481
6491
7931
7941
8651
10801
12221
13661
15801
147
1229
2649
7431
14547
14557
15267
15977
15987
293
313
1013
1713
1723
1743
2433
2443
2453
3833
3957
52096
59504
52486
7233
7953
8663
8673
8683
8845
9393
10035
10333
10813
10833
11533
11543
11553
7151
7159
7381
11559
58010
62214
52992
151
161
171
301
311
881
1001
1011
1031
1601
1641
1681
1731
1751
2351
2471
3061
3111
3141
3751
3761
3771
3781
3841
3891
4451
4471
4491
4501
5221
5871
6591
6621
6631
7301
7321
7341
7351
7361
7371
7401
8031
8041
8061
9421
9451
9461
10131
10171
10181
10851
10861
11591
12281
12291
12301
12331
13011
13061
13751
14451
15181
257
987
1667
3077
3247
3257
3957
3977
4697
5417
10775
49834
50908
411
1111
1861
2581
2611
3301
3311
3331
3881
3891
3901
4631
4651
5361
5371
5391
5421
15775
2669
6617
7495
8787
14497
15917
15927
253
963
62344
61936
935
1353
5771
8585
10603
12233
12875
2253
8063
8181
2649
52034
55624
11
41
51
61
81
91
131
141
701
731
761
791
801
811
831
841
861
1361
1411
1421
1441
1451
1511
1521
1531
1561
1571
1581
2071
2131
2151
2181
2191
2221
2241
2251
2261
2271
2281
2771
2781
2791
2901
2931
2941
2951
2961
2971
2981
3611
3621
3631
3651
3661
3681
3701
3711
3721
4341
4411
4431
5051
5061
5071
5101
5111
5131
5771
5811
5831
5871
6491
6501
6521
6531
6541
7201
7221
7223
7231
7241
7261
7271
7921
7943
7951
7961
7971
8651
8661
8671
8691
9361
9371
9381
9393
9401
9411
9421
9431
10091
10101
10121
10131
10141
10811
10821
10831
11541
11551
4343
5033
54856
61564
5719
16363
8085
8699
8729
9515
9649
11655
12365
12375
13085
13095
13387
14019
14097
14107
14817
14837
15567
16287
16297
16307
643
4353
60568
51002
41
51
61
771
1491
2221
2361
2421
3141
3171
3661
3801
3841
3851
3861
3871
3881
4501
4521
4541
4551
4561
4571
4581
4591
4601
5201
5211
5221
5241
5251
5911
5921
5931
5941
5951
5961
5971
5981
6621
6641
6661
6681
7341
7391
8071
8771
8781
9481
9491
9501
51
14699
15979
50486
53508
1479
8325
10169
10759
12899
15769
815
835
2265
4097
5995
6605
7435
8745
9505
10235
10945
14005
14563
14655
15133
16185
161
221
241
1201
1661
1731
1751
1771
2381
3101
5291
53182
1779
4095
4699
7059
7069
7619
7809
9249
12459
12779
12789
13899
15039
15749
85
529
785
805
815
1505
1515
2225
3225
3695
4425
5125
5997
6535
6717
8905
52272
59676
89
729
1459
1509
2179
2229
2239
2929
2989
2999
3141
3151
3699
3729
3739
3901
4071
4389
4429
4439
4449
4771
4781
5839
7721
7939
8689
9369
10099
10119
10819
10839
12279
12999
13019
13689
13699
13729
13739
14419
14489
15139
15149
15169
15859
185
905
925
1645
1695
2365
3085
3115
3785
3825
4545
4565
4575
6025
6675
6725
7435
7465
8875
2681
4109
4741
61064
51076
7939
10729
10739
13569
14299
14329
15039
2215
2255
2515
3005
3125
3145
3715
3955
4585
4675
5145
6735
6775
6825
7455
7945
10035
10815
11945
11955
12665
12685
13395
14295
14935
14965
15045
15645
15775
2261
2971
3541
3561
3601
3621
3671
3701
4381
4391
4401
4795
5021
58114
51980
49712
1519
2209
4367
5169
11433
12349
15279
295
1055
1685
1735
1795
2405
2505
3845
6855
6865
8275
13335
14105
14723
14795
15691
16005
1771
3181
3191
3901
3911
4611
4631
4641
5351
52256
49326
729
7571
8211
8271
8281
8291
8981
9611
15539
15569
1335
6575
8615
9915
9925
10615
10915
11405
12105
12475
13165
13905
16055
331
2581
3241
3251
3281
3291
49990
63356
50290
7005
15829
835
1365
2075
3015
3045
3735
4415
5935
8155
8845
8865
9555
10265
10285
11735
12485
13855
14111
14505
16015
241
251
311
991
1001
1011
1151
1161
1881
2541
3071
3111
3121
4101
4481
4501
4541
4821
63280
54146
62634
3059
8427
10279
10429
11229
11849
13017
71
1875
4735
5045
5465
5589
9735
9765
10045
10465
10765
11205
11905
12605
12615
12643
14143
14185
14205
14805
14905
14925
15635
57966
60154
2469
8621
9321
10051
10061
15761
87
5927
6637
6657
7397
8077
8117
8847
9497
9517
10187
10217
10237
10277
11587
11627
11667
13087
13867
13887
14587
15337
15927
483
827
1643
1673
1893
2423
2433
2643
3323
3363
3383
3413
3853
4073
4093
4133
54826
63952
62142
261
281
291
311
331
341
991
1001
1011
1021
1031
1041
1051
1721
1731
1751
1771
2471
2713
3161
3015
3745
6427
11005
11725
13155
13185
13205
13875
13905
14605
14615
15325
15355
15375
15395
16045
16065
16105
16125
441
461
1069
1081
1091
1101
1121
1141
1151
1171
1201
1851
1871
1881
1891
2591
2601
2611
2641
3291
3301
3341
3351
4031
4051
4071
4751
4781
4801
4811
63560
52636
6865
7687
145
855
1831
3105
5045
5055
5765
5775
5795
7915
8665
8685
8705
8735
9395
9405
10105
11155
11525
11535
11615
11875
12935
12945
13645
15045
15455
15515
16165
81
101
541
561
801
821
1541
1591
1621
1949
2669
2991
3021
3491
3711
4131
4931
4941
63010
62296
65414
61
71
161
171
181
211
221
1501
1871
1881
2631
4071
4081
4881
5591
6371
7091
7101
14563
15603
7871
13071
52906
65286
1531
2251
2881
2901
2961
3621
3631
3661
4341
4351
4361
4371
5071
5081
5091
6395
9929
14361
15081
15771
15781
15791
107
117
127
137
837
847
857
867
1557
1567
1577
2287
2297
15921
2893
2903
2913
3603
3633
4323
4333
4353
56876
49516
4981
4991
5691
5711
6411
12387
13815
293
1065
1075
1795
2505
4745
5465
6895
13809
13819
14529
15827
15847
163
173
183
863
873
893
1583
1613
2303
2313
2333
3023
51290
52424
2211
3537
5811
12241
5257
5267
5967
10757
11417
11447
11467
11487
12187
13627
14917
14947
15017
15587
15597
43
53
103
143
163
1393
1443
1463
1473
2193
2923
3533
3573
4263
4863
4993
63526
1513
14513
899
3841
7341
9071
9701
10381
535
2067
2555
4427
55588
58186
3831
3841
3851
4561
4571
5301
6021
6661
6671
6681
8121
8821
8831
317
327
1121
2487
3927
4647
7467
7477
7537
8217
9647
9707
9717
10347
10427
11107
11137
11147
11157
11807
11887
12537
12557
12597
13307
13327
13987
14533
15477
15487
15497
16217
16257
16267
1283
1323
1333
1363
1383
2053
2063
2073
2083
2823
3533
4253
4263
64254
54450
14716
16374
7610
9962
49835
51295
52647
60765
60835
52871
53591
56569
56579
57289
57299
58009
58029
58739
59133
59459
59469
59479
60949
62633
14832
488
51483
59181
60783
51257
53039
58159
58179
58189
59549
59599
59619
60229
60249
60289
60409
60429
60959
60969
61709
62429
63889
63969
64619
64631
65469
49815
7616
5134
8202
56663
63481
63551
64201
64271
64951
64991
49447
50167
50767
51467
51477
52897
52917
52927
53637
53647
55057
55767
55787
58637
58657
59407
60087
60117
60797
60847
61567
62277
62947
62967
63007
63637
63717
63727
64287
64347
64397
64501
65067
65107
65137
49373
49393
49413
49423
49433
49473
49593
50063
50123
50133
50151
50161
50163
50173
50183
50223
50843
50863
50883
50903
50913
50923
50933
51553
51773
51813
52223
52323
52333
52343
52353
52493
52513
52523
52983
53243
53703
53783
53983
53993
54463
54483
54493
3928
5308
51333
52753
52763
63851
52979
54419
57289
58019
58049
58719
58729
59489
60209
60929
60959
61629
61739
63849
51245
52545
53097
53265
53565
54487
8282
5444
49205
54985
55231
55941
55971
56661
56691
57381
59741
61921
63281
65501
49817
49827
50577
51317
52707
53477
53487
54087
55527
55587
55627
56277
56297
56337
56987
56997
57017
57057
57557
57687
57697
57727
57737
58417
58427
58457
58497
59217
59917
60557
60587
61297
53219
53959
10332
9308
2764
52041
52881
56401
59583
60501
60849
64311
50217
50837
53047
53057
53687
53767
54147
54197
54217
54497
55127
55217
55597
55607
62457
63157
63167
49983
50603
51333
51343
52053
52073
53987
9766
49453
49463
49473
49483
49553
49563
49573
49593
49613
49623
49633
49643
49663
49673
49713
49723
50103
50113
50123
50133
50163
50173
50193
50263
50273
50293
50303
50313
50323
50333
50343
50353
50363
50383
50393
50413
50443
50453
50513
50843
50853
50863
50873
50883
50893
50933
50993
51003
51093
51103
51123
51133
51153
51583
51593
51653
51673
51773
51843
51853
51863
51873
52383
52423
52453
52463
52473
52503
52523
52573
53253
62927
50563
50713
51453
52153
53593
322
2678
51999
52477
52719
55871
55901
57487
58051
58081
58711
59329
60861
61581
52877
53105
53827
55277
55767
55997
57207
57447
57457
57887
58157
58167
58897
59627
61557
49173
51653
52343
3592
9554
1100
49395
56277
62615
62795
54093
56981
60993
62285
62995
63005
63705
63715
63901
65351
65361
3964
8286
1784
54999
55773
56483
56493
56503
64087
49665
53561
53985
56845
58963
59843
61851
13094
4250
50283
50303
50873
50883
50893
50903
50933
50993
51013
51043
51603
51613
51623
51633
51673
51693
51703
51713
51743
51763
52403
52433
52453
52523
53043
53073
53183
53193
53203
53213
53223
53913
53933
53943
54633
54643
54673
55363
55373
55383
55403
56073
56113
56133
56163
56843
56883
58253
58353
59033
59941
60671
61163
61213
61223
61873
61883
62603
54047
54199
59229
64179
64879
64909
49225
2698
5064
53699
54435
59581
59591
64011
53337
54767
55497
57307
57417
61015
61617
61627
49733
49753
50313
50483
51193
51883
52443
52613
52623
52653
52683
53323
53383
53393
53413
53423
54103
54113
5966
1276
52063
55085
55795
57741
58451
58461
58481
58501
59171
59181
59201
59211
60063
60783
60919
61503
62203
62933
63451
63643
64171
64373
64789
65073
65093
49409
49419
56967
56977
3536
3526
52079
54949
54959
58101
60641
62811
50017
51457
51467
53647
54367
55777
55787
55807
56477
56761
57197
58777
60107
60747
60787
61567
62187
62257
62277
62527
63247
63667
63957
63977
64117
64147
64427
64837
65097
49363
49463
49493
49503
50143
50203
50863
50923
51583
51593
51613
51633
51719
52303
53093
53743
54483
9786
13710
3314
53041
53467
55991
57471
57511
57887
58201
58891
58921
59551
59611
60301
60311
60321
60331
60451
60471
61001
61011
61031
61041
61731
61821
62451
62591
63331
65481
49797
50497
50517
51375
51397
51977
53547
53567
53577
54827
56937
52071
53101
4754
14564
58531
58551
59261
59941
59971
60041
60681
61361
63235
64221
64261
65011
50107
50767
52137
52227
53627
54337
54387
55087
56517
57947
58707
59377
59397
60847
61457
61517
61903
62957
63667
64347
64357
64387
64507
64787
65067
50693
51123
51413
51563
51843
52123
52183
52513
52653
52693
52913
53343
53383
53463
14524
1682
4784
50071
51511
61245
62611
49537
52147
52837
53577
53647
54367
55807
57817
57987
58497
59317
59417
60107
60137
60747
61627
62087
62127
62787
63527
63557
63797
63877
64267
64617
64897
65527
49863
50371
51213
51963
52713
52803
53113
54153
54163
11838
1290
59923
60643
52869
53589
54989
57109
57139
57149
57819
57839
57859
57909
58185
58529
58549
58619
59259
59269
59299
59999
60679
60699
60709
60719
60729
61389
61399
61409
61419
61439
62109
62119
62139
62149
62809
62819
62829
62839
62849
62859
63529
63539
63549
63579
64249
64259
64269
64289
64969
64979
49295
49305
49315
50025
50035
50301
50311
50321
50725
51061
51761
51781
52175
14868
52
49743
49793
49813
50493
50513
51183
51213
51223
53721
58701
59411
60801
62241
63651
64361
65081
49417
50137
50147
50157
53007
53857
53867
55327
55987
56007
56717
57385
57437
57457
57467
57477
58177
58187
59497
59507
59607
59617
60207
60217
60337
60347
60367
61057
61077
61087
61097
61787
61797
62477
63177
63207
64517
64667
49703
362
10210
54941
55661
56391
49589
50299
51019
51029
51959
52479
53179
53189
53819
53909
54539
55057
56477
56497
58637
58667
59377
59387
60077
60827
61517
61547
61567
62957
63007
65107
50113
50133
50863
50883
51463
51573
51593
52203
52223
52233
52873
52993
53023
53543
53633
53663
53743
54383
54463
12064
2564
56473
57913
58633
59323
60053
60763
60773
60793
61483
61503
62643
63653
50345
51289
51299
52019
57899
59319
59339
60759
61479
64847
64867
49193
49415
49823
4814
5448
7808
740
3794
60179
60387
62477
52837
54477
55237
55247
56627
56647
56677
56687
58847
59557
60297
60707
61017
61407
61767
62127
62527
63197
63597
63937
64647
65417
50693
51513
51563
51613
52933
53869
4386
658
50523
51133
51333
51973
52053
52703
53323
54173
54923
57713
57723
57733
58453
59153
59903
59913
61343
65121
55119
60059
60069
61499
62219
64539
64549
65279
50385
51055
52545
52575
1228
10038
8834
50747
51285
51395
52715
52725
53315
54135
57727
64327
50293
51375
63277
63287
63997
64007
64017
64027
64727
64737
65457
65467
49823
4842
9174
6510
49253
49943
49973
49993
50033
50123
50653
50663
50753
50763
50803
50863
50873
51373
51483
51573
52223
52273
52383
52483
52773
52833
53003
53243
53253
53523
53933
53983
54243
54273
54773
55813
56183
56423
57143
57893
57943
63197
51269
3596
9798
49863
50583
51303
51913
52733
54063
54073
54083
54793
54803
55513
56113
56253
56273
57603
60139
64923
57179
58303
59329
60039
62929
63639
63669
63679
64379
64389
65119
49455
50155
7326
14106
13144
53141
53267
53871
53881
52189
54339
55079
55759
55769
55789
57219
57929
58599
58619
58629
58639
58659
58669
59359
59369
59379
60019
60719
60749
60759
60779
60789
60809
61449
61499
62149
62159
62169
62179
62209
62229
62249
62889
63649
63689
64369
64389
65049
65099
65149
49435
49455
50135
50155
51555
52245
52265
52295
52305
52965
53045
53795
54505
54525
7780
15634
57177
57433
57443
62037
64217
49273
50701
54313
56613
57333
58611
58621
62443
62463
63581
10052
11712
12708
50255
55717
63595
52931
54011
58457
59157
62281
65343
51767
52487
53549
54487
15208
7280
49413
49443
49453
49473
49483
49503
49553
49563
49583
49643
50153
50183
50193
50203
50213
50223
50233
50293
50893
51013
51023
51033
51043
51133
51143
51543
51593
51603
51623
51693
51703
51753
51823
51843
52323
52473
52543
53163
53193
53203
53243
53913
53973
57095
63017
63737
64467
64477
64517
64527
65227
65247
49513
49553
49563
49573
49583
50243
50263
50273
50283
50303
50313
50983
51003
51013
51033
51683
51703
51733
51743
51773
51783
51793
52333
52403
52413
52423
52443
52463
52473
52483
52503
53163
53173
53183
53203
53213
53223
53853
53873
53883
53893
53903
53913
53923
53933
53943
2708
51625
54147
54857
56227
60399
60485
60865
60093
60813
61523
62225
64503
52291
12064
61625
62385
62767
63327
54203
54863
55583
56705
59743
59753
60781
61481
61491
61501
62201
62211
11692
406
51481
51491
52231
52961
53247
53611
54031
54829
55771
56471
57641
58095
58621
59361
59821
59831
60581
60591
60821
61251
61311
61481
62181
62211
62931
62951
62971
63501
64351
64361
64371
49407
51417
52267
52997
55927
59297
60007
50763
51223
51443
51473
51493
51503
52073
52643
53403
53463
54103
54173
924
1764
49573
49583
49593
50353
50363
51003
51023
51083
51093
51275
51753
51783
51793
51803
51813
51823
52005
52523
53243
53253
53273
53293
53963
54165
54467
54683
54733
55413
55433
55463
56153
56183
56193
56423
56863
56873
56903
57643
57653
59283
56183
6194
6584
12924
50039
50049
51905
56927
57115
64271
64991
49327
50037
50757
50767
51477
51487
52207
52927
57977
62205
62215
64517
65197
65377
65387
49543
49553
49713
49723
49733
50263
50463
50973
50983
51003
51693
51703
51723
51733
52383
52413
52423
52433
52443
53093
53173
53803
53813
53873
11260
2458
49673
49683
49803
50393
50453
50483
51103
51113
51123
51143
51193
51203
51213
51233
51253
51823
51833
51883
51903
51923
51943
52633
52653
52663
53433
54143
56313
57043
57063
57763
59105
49691
50391
65109
49495
51555
51595
51605
51615
51625
51635
51645
53035
53075
53775
53785
54505
54515
11838
13296
15590
49693
49703
50175
50373
50423
50453
50463
50483
50503
50513
50523
51193
51213
51933
61061
53087
57427
58167
58887
59627
60387
61857
61887
62607
63267
63287
63997
64193
64717
50303
51033
4972
5208
52759
53469
54169
57459
58169
58279
58329
58869
58879
58889
59599
59619
60339
60509
61989
62709
64019
64029
64049
64729
65255
65265
65479
65489
65509
50083
50093
50103
50311
51513
52223
15112
53783
54423
54493
54503
54513
55143
55193
55893
57443
57523
58233
58993
59403
59713
61523
61533
61553
61563
62253
62273
62293
63013
63531
63673
63683
63713
64373
64383
64393
65143
65153
49439
49499
50159
50199
50209
50879
50889
50909
51659
52329
52339
52359
52369
53079
53691
63053
682
12318
61823
61843
62543
63263
64783
64793
65483
65493
65513
49829
49839
50559
50569
51269
52217
52937
53221
53439
53899
53909
54377
54609
54639
55329
55339
55349
55359
55569
56059
56299
57759
50723
51433
52123
52253
52843
10332
12618
52029
53379
59181
55311
60319
61709
61769
62479
62549
62729
63189
63199
63209
63219
63279
63289
63299
63309
63909
63919
63949
63969
63979
64009
64019
64029
64099
64169
64689
64699
64719
64759
64789
64819
64829
64839
64879
64889
64899
65409
65429
65439
65499
65509
65519
65529
49155
49735
49765
49815
49845
49855
49865
50455
50525
50555
50565
50575
51255
51305
51975
15208
1928
11002
55581
56035
59901
62791
64241
64251
49317
50667
50677
51397
54245
55835
56517
57469
58557
61527
65187
49523
51023
51633
51763
52143
52203
52493
53133
53183
53193
53873
53913
54481
54491
10736
64253
64973
50117
50127
52189
52199
53085
58815
62029
62039
62749
62759
63449
63469
63479
63489
63499
63529
64179
64189
64199
64209
64211
64219
64229
64249
64899
64909
64919
64929
64939
50509
13248
49253
49293
49423
49913
49953
49963
49983
50103
50133
50663
50683
50693
50703
50833
50953
51033
51053
51093
51373
51413
51453
51463
51503
51643
51753
51773
52053
52093
52133
52233
52293
52303
52313
52343
52373
52383
52463
52473
52483
52493
52513
52533
52543
52743
52903
53013
53033
53043
53233
53543
53563
53573
54173
54213
54253
54923
55713
52663
53383
8358
12676
55023
56433
57701
57873
61483
61493
62123
64323
64363
65053
49329
49369
49431
49449
51509
51599
52229
53719
54459
54469
55189
55851
58059
58759
59459
59479
59509
60319
60879
60959
60969
62389
63129
63859
64569
50365
11042
86
990
2634
60357
62597
53649
54389
55109
55829
55849
56529
56559
57279
58699
58709
58719
58729
58739
59439
59469
59479
60139
60169
60189
60859
60889
60899
60909
61599
61619
61629
62299
62319
62339
62349
62371
62379
63039
63069
63849
63869
64499
64529
64559
64569
65219
65229
65249
65259
49595
49787
50345
51025
51055
51065
51075
51735
51745
51755
51765
51775
51785
51795
51815
51875
52495
52515
52525
52565
52615
53215
53225
53255
53265
53925
53985
3104
10072
52483
53933
54633
54643
54653
54663
60195
61903
54169
57029
57049
57739
57759
57779
59159
59209
59869
60559
61279
61289
61299
61329
61339
61349
61919
61929
61979
61999
62039
62059
62669
62719
62739
62749
63449
63469
63479
64099
64129
64759
64779
64819
64829
65449
49155
49165
49865
49925
53759
15590
4064
57229
57537
58257
58957
58967
59379
59389
59697
60099
60829
62793
62959
62999
63679
63719
64419
64429
65139
65149
49435
49465
49485
49495
50185
50205
50215
50865
50895
50905
50915
50925
50935
51595
51605
51625
51655
52315
52335
52345
52355
52365
53025
53065
53075
53085
53095
53745
53775
53785
53795
53805
53807
53817
54007
54335
54405
54465
54485
54505
54527
1958
51297
54147
57201
58641
58651
59109
59351
59371
59381
60701
62861
49367
51189
52267
55887
56557
57317
61627
62917
62927
62947
63087
63647
65067
65097
65207
65257
49553
50123
50273
50343
50813
50973
51053
51553
51633
51693
51723
51773
51793
52463
52483
52503
52513
53253
15576
7674
50445
50473
50543
51183
51193
51203
51253
51903
51963
51973
51983
52643
52663
52673
52683
52693
52703
53375
53403
53423
54133
54833
54863
54873
54883
55583
55593
56293
56313
57003
57023
57743
57753
58473
59203
59223
59835
59923
59933
60643
60663
61363
61373
62073
62083
62093
62793
62803
62823
60519
50563
50865
52975
52985
53705
54415
4766
49343
49353
49383
49555
50023
50033
50113
50723
50803
50813
51463
51493
51523
52853
53253
53517
53633
54313
54323
55013
55023
55033
55053
63603
63663
64373
65063
65083
65103
49399
51439
54319
55019
55039
55739
62419
62429
6814
4854
52647
55689
53551
60043
61351
61485
62215
62915
62935
65047
49363
49373
49591
51327
52057
5502
49675
57193
58645
62745
49991
56583
57373
57383
58093
61013
51069
52527
53247
53967
53977
16310
508
50623
52043
52753
53473
55633
58493
59993
61403
62133
62153
62873
52239
52249
55099
57259
58009
58649
64349
50105
50845
51557
51565
52955
52975
52985
53547
53817
54355
8474
49715
55141
55151
55851
55861
56541
56551
56561
56571
57261
57271
57281
57291
58001
58011
58237
58721
62723
63095
63443
50105
64945
65275
49611
50341
1114
3510
49223
49253
49923
49933
49943
49983
50623
50633
50653
50673
50693
50703
50713
51363
51373
51393
51413
51423
52083
52103
52113
52803
53493
53513
54163
54273
54893
55005
55603
55613
58715
59425
62287
64091
64811
49545
5950
15326
58971
59691
59731
60391
60401
60825
61121
61407
61841
61861
61871
65291
65301
49607
49617
50327
50337
51047
53927
54627
55397
55407
56107
56117
56837
56883
57547
57567
62855
63861
51137
12454
14734
49793
49853
50433
50543
50583
51253
51293
51963
52683
53293
53303
54133
54733
54803
55443
55453
55503
55513
56903
56943
56983
57653
57663
57693
59093
59783
59873
60543
61263
61293
62713
62723
62733
63443
49229
54041
55749
50257
6364
7510
11314
12508
6724
53287
57767
58371
59091
59811
60531
60541
62907
63339
49995
59603
59945
61375
64153
64905
64915
49271
50661
4094
3724
9798
49853
50553
50573
50583
51273
51283
51303
51663
51993
52003
52013
52723
52733
52743
53453
53463
53783
55823
55833
56553
57253
57263
57273
57983
61829
62451
63151
63161
63881
57871
59631
780
4098
54571
55281
55291
56253
56611
56769
56993
59451
60891
61841
62221
62951
64605
51587
51947
52307
52747
53387
53397
54627
54837
55277
58077
50835
5534
49203
50189
52013
52743
52753
52823
53463
53483
54173
54893
54913
54923
55623
55633
56353
57073
58549
58619
58629
59299
60739
60759
62929
64319
64349
65039
49355
50889
7658
10072
16344
49413
49463
49493
49513
50093
50153
50193
50203
50253
50353
50803
50843
50863
50983
50993
51453
51463
51483
51493
51503
51543
51553
51583
51703
51793
52183
52203
52213
52223
52253
52263
52873
52943
52963
53133
53593
53603
53643
53663
53683
62213
64363
64833
65073
54149
55589
55599
58459
65425
51801
1298
2900
7932
50811
50921
50931
50941
51541
51551
51601
51711
52301
52321
52351
52361
52431
52981
52991
53011
53021
53071
53593
53681
53691
53701
53751
54481
55081
55161
55171
55201
55871
55881
56591
57241
58011
58211
58311
61001
61011
62099
64261
64991
50047
50757
51487
53647
55077
58535
62947
51443
52003
52033
52233
52283
52993
53203
53703
14564
7354
49443
49473
49503
49513
49533
49543
49553
50143
50173
50213
50873
50923
51093
51103
51593
51613
51633
52313
52323
52353
52503
53033
53253
60763
51791
55285
57507
58287
64249
64969
49995
50745
52185
6868
7910
55405
62669
62679
51237
53387
53417
54837
59155
59945
60665
61427
61437
61467
62137
62765
63275
64587
64843
50019
54153
54173
4924
826
49423
49433
50313
50353
50383
50553
51073
51113
51133
51153
51173
51793
51813
51823
51893
51903
51913
52543
52553
52573
52603
52613
52813
53303
53313
53353
54743
54753
55503
56243
57267
56183
52755
52765
52775
54479
3002
7850
1926
53733
57587
62549
62611
64869
49175
49185
49195
49197
49225
49237
49245
49541
49907
49927
49935
49937
49945
49975
50617
50625
50635
50637
50645
50675
50685
50695
51365
51375
51385
51395
51415
52035
52055
52735
52765
52775
52815
52835
53425
53435
53505
5248
49443
49453
49473
49483
49493
49503
49553
49593
49643
50153
50223
50263
50273
50313
50353
50363
50373
50873
50913
50993
51033
51063
51083
51123
51743
53933
59621
59631
59651
60321
60331
60341
60351
60361
60371
61051
61061
61071
61081
61101
61781
61811
62451
62481
62491
62501
63171
63221
49607
50317
52867
53347
53387
53587
57667
51341
682
13652
62805
53621
53631
55907
55917
56627
56637
57337
58067
58663
63773
49559
50149
50839
50849
50869
51619
52479
53179
53189
6514
15416
5844
49843
54173
57689
61453
62843
49349
50049
50819
52209
52219
52249
55645
59499
60949
61579
62261
62289
63009
63029
50315
51755
52475
53905
53925
2344
8574
13144
3364
49271
49291
50001
50011
50031
50681
50691
50721
50731
50741
51431
51491
51501
51511
52111
52161
52181
52831
52861
52891
52901
52911
52961
53581
53621
54321
54341
54351
54361
55061
51629
52349
53059
53779
53789
54509
54519
55229
55249
59569
60299
61049
61069
61079
61799
61809
62489
62519
63239
63249
63319
64029
64039
50417
4164
14514
49715
50533
59241
62121
50747
52227
52337
53007
53017
55877
55927
57267
58037
59527
60277
60887
61637
62417
62457
63187
63807
63845
63867
63907
64565
65277
65287
65377
49603
49653
50381
51103
51113
51423
51823
52063
52103
52543
53253
53363
54133
7446
13396
49221
49231
49241
49251
49271
49291
49311
49931
49941
49961
49971
49981
50001
50011
50031
50651
50661
50671
50701
51331
51381
51401
51411
51431
52061
52081
52121
52131
52151
52161
52861
52881
53465
53531
54311
55671
55711
56189
56753
57079
58621
59341
61865
49295
50005
50715
50725
13416
14582
3074
49243
49913
49923
49973
50643
50673
50703
50777
51363
51373
51393
51413
52053
52063
52123
52153
52205
52285
52803
52863
53503
53523
53533
53563
53583
53593
54193
54213
54233
54243
54273
54283
54913
54923
54933
54943
54993
55633
55643
55673
55683
55693
55713
55743
55753
56363
56383
56393
56403
57073
57093
57103
57133
57153
57793
57803
57813
57833
58513
58523
58555
59233
59263
59303
60683
62957
53317
7284
7230
11348
49783
49813
49823
49843
50493
50503
50523
50533
50543
50563
50573
50583
51193
51233
51253
51263
51283
51293
51303
51883
51893
51913
51953
51963
51973
51983
52643
52653
52663
52673
52693
52703
52713
52743
53333
53373
53383
53403
53423
53433
53453
54093
54113
54133
54143
54163
54173
54833
54853
54863
54873
54883
55493
55553
55563
55603
55613
56273
56293
56303
56333
56343
56973
57003
57033
57063
57693
57733
57743
58413
58423
58433
58443
58503
59203
59213
59223
59833
59893
59903
59923
59943
60643
60653
61373
62073
62083
62093
62733
49969
50993
62899
63619
64339
65059
11732
4420
53287
61927
64225
51421
56489
56499
56509
56519
57229
57239
57929
57939
57949
57959
58659
58669
58679
59349
60109
60563
60809
61509
61519
62239
62259
62969
65149
50205
51605
51635
52325
52345
52375
53015
53025
53055
53785
53795
53805
54475
54505
54525
15418
11996
49503
49533
49553
49573
49623
49633
49643
49703
49713
49723
50083
50093
50253
50283
50313
50343
50363
50373
50383
50393
50403
50413
50423
50433
50453
50983
51023
51033
51043
51093
51123
51133
51153
51773
51823
51833
51843
51853
51863
52543
52553
52563
52573
52583
52593
53253
53283
53293
53303
53993
54003
54013
54433
54723
54763
55453
55483
55493
56203
56213
59657
60983
61703
62423
64583
65293
65303
5194
11228
49171
49881
49991
50631
52111
53481
57761
59271
59281
59981
62461
62771
64941
49377
51467
52207
52837
52847
52897
53567
53587
53597
53647
55787
55807
56497
56507
58617
60097
60807
60827
60837
60867
60887
60917
61627
63777
63797
64397
64457
65127
65197
49523
49593
50133
50193
50843
50883
50913
51033
51113
51573
51683
52057
52373
52383
52973
53003
53653
53733
53743
53763
53773
54253
54421
5894
5076
49773
50443
50483
50503
51213
51223
51233
51243
51315
51933
51953
51993
52025
52035
52653
52673
52683
52693
53363
53373
53393
53403
53413
53423
53433
54093
54103
54123
54133
54153
54823
54833
55543
55553
55563
56263
56293
56303
56983
56993
57013
57023
57733
57743
58197
58433
58453
58473
59173
59213
59883
59893
62123
64183
64893
49229
49949
50689
54239
664
52103
52833
59273
64699
58079
58719
58729
58759
58779
59529
60149
60159
60179
60299
60979
62359
62479
63059
63829
63839
63869
64559
64641
64669
64779
64799
65359
65379
49675
51155
51815
51895
52545
52625
52745
53265
53355
53415
54005
54015
2708
4770
49573
49623
49633
49653
49673
49703
49723
50323
50433
51023
51033
51103
51153
51743
51803
52453
52543
52613
53253
55633
56223
56233
58427
58671
60725
61435
61897
61907
61917
288
51907
62229
62803
63649
63659
63669
63679
64369
65089
49395
49705
50357
50395
51245
51255
51545
51755
51945
51965
51985
52455
52605
52615
52665
52675
52685
52879
53305
53335
54055
54385
6502
49523
49533
49553
50183
50193
50243
50263
50913
51593
53003
53023
53033
53053
55813
64741
49797
53187
53917
54617
55347
55357
55367
56077
56787
56837
57667
58967
61541
64237
53857
14214
1928
7806
54051
55461
55471
55481
56901
57559
57621
58321
59081
59351
59771
59781
60491
60841
62721
62841
63561
64091
64171
64593
64801
64921
49457
49639
49897
51457
52117
52387
52837
55977
59937
59967
50103
50123
50823
51533
51933
52263
52753
53453
1412
7640
57551
58421
60501
61581
61591
62291
63011
50027
50037
51227
51437
51487
52897
53249
53587
53647
55027
55597
55635
55647
55797
56367
56527
58497
59347
59367
59377
59937
60117
60847
61337
61507
62067
62227
62797
62807
63547
63577
64417
50183
50463
50703
50713
50903
51423
51553
51663
52323
52383
53473
54183
54313
590
2444
10794
52891
53611
54081
54791
54811
55531
56241
56971
63655
54291
62539
62549
63259
63279
63289
63989
64029
64039
64507
64719
64729
64739
64749
64769
64799
64809
65237
65459
65469
65479
65489
65499
65509
49215
49523
49533
49543
49815
50253
50263
50273
50973
50983
51703
51723
52423
52433
53143
53183
53193
53873
11626
13258
5598
64193
64203
64913
49229
49279
49299
52879
54339
54349
55079
55799
56489
57209
57219
58649
58659
58679
59339
59359
59399
60049
60119
60829
61183
61539
62229
62259
62969
62979
62989
63719
64379
64399
65079
65099
65139
65269
49455
50175
50855
50905
51117
51575
51595
51605
51615
52315
52557
3340
15852
57937
52239
54429
54509
55239
55959
57299
57999
58059
58709
59439
59489
60159
60189
60279
60889
60919
61619
61629
61639
61709
62339
62349
62379
63089
63099
63409
63429
63779
63859
63869
63879
64089
64099
64119
64129
64169
64599
65329
49625
50355
51095
51775
51805
52475
52505
52515
53935
10926
2546
49243
49263
55673
56363
57083
59253
61423
62579
62843
63583
63593
64273
64303
49349
49545
50089
50769
52657
52667
53649
53679
54379
54399
54409
55119
55129
55829
56549
57259
57279
57969
58009
59409
59429
60129
60781
62349
63759
63799
64519
65239
13970
1928
52343
52353
52463
56551
60831
61181
61571
63651
63701
64311
64381
64801
65031
65101
49367
49457
50157
50167
50187
50777
50907
50937
50947
52327
53777
55827
55837
55917
56537
56577
57257
57317
57987
58067
59497
60187
60825
64517
65257
49613
49633
50333
51063
53223
53233
53933
53943
838
11692
632
49373
49463
49553
49563
50313
53583
50277
55347
57947
59387
59657
61037
62967
63687
64407
64697
65127
65437
52025
52035
53081
53505
53713
54443
3104
6344
7840
50329
55339
61547
63095
50225
58283
59797
60447
60507
61127
61137
61531
61847
62567
62657
50837
51547
3264
11924
59343
61493
62213
62223
62923
62933
62943
63653
64373
52299
52309
53029
53039
56945
58741
60061
62587
63327
63741
64017
64027
64037
64747
64757
65447
65457
65467
65477
65487
65497
65507
49783
49793
49803
49813
49823
50523
50533
51253
15542
1660
3330
49243
50199
57663
58373
59083
59113
59123
59133
59833
60533
60543
61273
61983
62003
62713
63423
63443
63463
64143
64163
64173
64853
64863
64873
64883
64893
64903
64913
49199
49219
49229
49239
49249
49939
49959
49979
50689
51389
51409
51429
52119
52859
52869
53499
53539
53549
53579
53589
54219
54299
54949
54959
54969
55019
55669
55731
55739
56389
56399
56439
56459
57129
57149
57879
57889
58599
60729
61459
61729
9506
5942
50267
51087
51259
51269
51469
54829
55539
55549
56259
63481
54681
56953
59743
50001
52341
52351
2876
1376
2242
53125
60811
61033
61043
61053
61743
61753
61763
61773
62251
62261
62483
62765
64411
65131
49457
50157
50177
50907
51617
51627
51637
52327
52337
52347
52357
53057
53067
56417
57137
49511
52121
53531
1654
5114
4578
50363
50993
51483
51823
53283
53873
53983
54053
54733
55053
55343
55413
55443
55483
56123
56143
56173
56883
57593
57603
57623
57673
57683
58383
59063
59123
59153
59333
59873
61283
61293
62013
62733
62743
63423
63433
64143
49229
49239
49249
49969
50669
51389
54863
57839
65029
49355
50015
4124
58695
59425
63093
63305
53039
53661
53759
54459
54479
54781
55091
55169
55179
55189
55209
55909
55929
56619
56629
56639
56649
56659
57349
57369
58079
58513
12874
14034
50623
51353
52053
52063
52073
52083
52783
52793
52803
53483
53493
53503
53513
53523
53533
54203
54213
54223
54233
54243
54835
54933
54953
55653
55673
56353
56363
57793
61927
62843
64641
65351
61067
62321
63611
53917
8408
12436
59791
60729
61823
63449
49257
50727
52177
53547
54917
56027
56427
56467
56477
57177
57217
57247
58617
59937
60105
60847
61527
62087
63657
63717
64417
49423
49473
49683
50043
50183
50213
50913
50933
51123
51493
51573
51843
52193
52313
52353
52923
53033
53663
54533
3828
8924
52651
55531
56251
56261
56951
56991
57021
58401
58411
59881
59901
60621
61303
63331
49655
50935
51095
51163
51655
51903
52995
53005
53685
53695
54425
14024
13818
4120
60381
61895
63827
56133
57411
59611
61523
61803
51607
51617
54337
10142
3198
3364
52369
59771
60481
60491
60511
61211
61221
61941
61951
62361
62661
63957
49957
61393
62341
64717
49299
49607
49617
49627
50337
51057
5704
13298
54483
54503
54523
55123
55903
58053
58133
58623
58783
58803
60213
60773
61397
61503
61513
62893
62943
63583
64303
65043
49359
49379
51571
52279
52299
53019
53699
53709
53719
53739
53779
7920
8688
2534
65501
49827
50157
50537
50547
50867
51977
52017
52677
52727
53097
53817
53827
54517
54525
54527
54545
54557
55257
56657
56667
57387
58097
58117
58227
58237
58247
58257
58867
58877
58957
59577
59595
59687
59697
60115
60357
61045
63497
64647
64677
65407
49713
49753
50523
50683
50713
50851
51191
51213
51303
51413
51423
51433
52113
52813
52823
52843
6316
8718
51235
61001
62941
62961
63641
63651
64225
64381
65061
65081
52493
52663
56725
50219
51687
51697
52417
4006
11466
11588
50041
50101
50731
50761
50931
51521
52911
54261
56971
57689
58381
59101
61001
61711
55409
57947
58657
62237
64417
64987
50123
50143
50313
50363
50833
50843
51573
51583
51613
51853
52583
52623
53013
53033
53363
53383
53409
54103
13116
49383
49393
49423
49433
49443
49503
49513
49563
49573
49583
49613
49623
49643
49653
49683
49693
49713
49723
50103
50113
50153
50203
50223
50243
50253
50363
50383
50393
50403
50413
50423
50443
50453
50903
50923
51053
51073
51083
51093
51103
51183
51723
51793
51803
51813
51823
51863
51873
51883
51893
52543
52593
52603
52613
53273
53293
53303
53313
53323
53333
54013
54043
54053
54227
51997
52007
52727
59247
60315
53129
3654
53061
53841
55281
55841
55879
56561
56901
57621
58011
60471
60491
60653
60761
61511
62211
64381
65101
65399
50627
51517
53017
59197
60647
61327
61347
62787
63487
63497
64903
6212
14524
49913
54765
63031
63121
65201
50177
50207
50247
50927
50967
50977
51657
51697
51767
51787
52417
52447
52467
52487
52497
53147
53187
53217
53827
53867
55327
56037
58177
60347
61053
61777
61807
62507
62547
63217
63235
63257
63957
64717
13116
3314
49953
49963
49973
50673
50693
51373
51383
51393
52073
52803
52813
53513
53533
53543
54223
54233
54243
54263
54933
54943
54953
54963
54973
54983
55643
55653
55663
55683
55693
56353
56423
57073
57133
57803
57813
57833
57843
58513
58523
58533
58543
58553
58563
59273
59953
59963
59973
59983
60673
61393
61413
62123
62133
55003
62225
63655
51325
52045
52075
52715
52745
52755
52775
52795
53435
53455
53465
53475
54145
54185
7116
10628
204
50523
51233
52925
59439
60159
63041
63741
52335
53055
54167
54187
56727
56757
58217
58285
58937
59577
59657
61047
61067
63175
50381
14264
52907
56941
56951
57511
63055
65451
65461
65481
49217
49797
49807
49947
49957
50497
50507
50517
50617
51337
51367
51947
51957
52687
53387
53497
53527
53557
54227
54957
55687
55941
57057
58547
59177
59257
59937
62047
62067
62077
62807
63477
64187
50433
50443
52603
52613
52633
10920
4560
49203
49223
49233
49873
49883
49923
49943
49953
52123
53353
54083
54303
55043
55683
55753
56413
57193
60613
61473
62193
64213
51629
53419
50633
51343
7864
376
51107
51727
64223
49969
49999
50679
50709
50719
50729
52119
52139
52149
52159
52169
52869
52879
53579
53589
53619
54339
54349
55019
55029
55049
55759
55779
56449
56489
56499
56509
57139
57179
57209
57899
57939
58589
58619
58659
59339
59349
59359
59379
60039
60059
60069
60079
60779
60789
60819
61489
61509
62179
62189
62199
62209
62219
62239
62899
62939
62949
63609
63629
63639
63649
63659
64309
64349
64359
65039
65059
65069
65089
65109
49395
49415
49425
49445
50085
50095
50115
50125
50815
50845
51495
51525
52205
52215
52245
52255
52945
52955
53305
53515
53625
54245
720
5402
146
49715
51743
54951
57141
57151
57811
57871
58365
58531
59251
59981
60427
60691
61421
65011
54397
57267
57277
57307
58737
58757
62101
62377
63451
63797
448
656
59921
65101
49317
49427
50027
50713
51537
52457
52467
52967
53655
53687
53717
53907
54367
54617
55047
55105
55137
55797
55825
55837
56555
56565
57287
58007
58707
58767
59537
60127
60777
60807
63157
65087
65337
49593
50383
50403
51023
51763
52363
52533
53443
53963
53993
54013
3644
7064
9596
5280
52073
52213
52223
52783
52943
53063
53073
53653
53683
53773
53783
53793
54373
55093
55123
63433
64153
64873
64883
49219
49939
49949
50659
50669
51369
52099
53549
53559
54259
56409
57119
57849
58539
58559
58569
59269
59279
60709
61429
62859
62869
62889
63549
63569
63579
63619
64269
64299
64329
64979
64989
65009
65029
65039
65049
49335
49345
49355
49365
49385
50921
4124
14754
53151
57063
57745
57773
59933
61353
61363
62063
62073
62823
63503
63513
63515
63523
63533
64223
64245
64943
64953
64963
64983
49269
49279
49289
50029
50573
50719
50729
51439
51449
52929
53649
61501
63751
4252
49643
51581
52231
53021
53481
54281
54451
56481
56541
57151
57251
57261
58581
58631
59311
60081
61501
53047
53697
53959
54397
56547
57307
58647
59427
59437
60077
60207
61527
62347
62357
62927
63117
63647
64377
50613
51393
52583
53243
54113
54133
9620
5976
50565
52351
60585
61559
64271
64981
64991
49317
50037
55653
63477
63967
64157
64247
64257
64277
64667
64917
64997
65377
49173
49953
50103
50153
50603
50853
51373
51413
51443
51523
52113
52263
52853
52883
53573
53583
53603
2900
8956
58081
59791
50307
58367
62189
62389
62869
62879
63033
63589
64299
64309
65029
65049
50025
50035
50055
50085
50425
50775
51125
51135
51245
51255
51855
52045
52135
52585
52815
53305
53315
53345
53485
53595
53615
54015
54035
54055
54065
54205
54225
54255
54295
12132
51633
51643
52353
52363
53073
53763
55343
55383
58973
59043
59053
60041
60403
60453
61153
61183
61843
61863
61913
62593
62613
63303
63393
63835
64023
64033
64043
64063
64113
64123
64763
64823
64833
64853
65523
49809
50529
50539
50549
51239
51279
51999
52009
52679
52699
52739
53409
53459
54859
57049
58479
59229
5140
714
49785
51331
64381
65031
49947
50087
50097
50817
51547
51577
52267
52307
52877
52907
53557
53567
54287
55057
55065
55217
55227
55927
55957
56667
57387
57397
57417
57641
59237
59567
60847
62407
62417
62507
63127
63137
63157
65157
49473
53703
54443
556
4282
5318
49303
49343
49363
49385
49403
49413
49423
49443
49593
49673
50033
50043
50063
50103
50133
50153
50163
50293
50353
50373
50383
50403
50413
50763
50803
50813
51103
51483
51503
51523
51813
52223
52473
53653
54373
62913
50327
51067
51077
51737
51807
52497
54277
55387
64047
3804
12422
52543
52993
53223
53233
53243
53693
53963
53983
54403
54413
54443
54673
55143
55163
55173
55363
55373
55873
55893
56593
56613
57323
57563
57583
57603
58323
58963
59053
60493
61183
61213
61863
61893
61923
62593
62603
63323
63333
64093
64773
64793
64813
64833
65493
49829
49859
49869
50629
65165
51697
9074
110
49161
49881
50611
51361
51431
52061
52771
52851
53521
54031
55651
57091
57841
58521
50037
53347
54367
55087
55797
56517
57247
59137
59147
59397
60097
60117
60127
60837
61527
61537
61557
62257
62267
62285
62997
63697
64387
65107
65117
65137
65147
49393
49443
49473
50133
50153
50163
50193
50883
50923
50933
50943
51623
51631
51653
51657
51663
51693
51703
52263
52313
52351
52353
52363
52373
52383
52463
52843
53013
53023
53033
53083
53093
53143
53153
53693
53723
53763
53823
53843
53853
53863
53873
53883
54403
54423
54443
54453
54463
54473
54483
54493
54503
11172
548
56853
56873
56883
57563
57573
57583
57593
58283
58293
58323
58993
59003
59013
59023
59033
59043
59073
59083
59713
59733
59743
59753
59773
59783
60433
60443
60463
60473
60483
60493
60513
60523
60533
61213
61223
61233
61913
61933
61943
61963
61973
61983
62653
62663
62683
64123
64133
64143
64679
54271
54911
56453
56483
49647
9244
10140
53939
62851
63611
63621
64281
64351
64361
65001
65011
65069
49387
49417
50097
50107
50127
50137
50787
50817
50827
50847
50857
52297
52935
52967
53007
53655
53687
54377
54387
55097
55107
55137
55867
55887
55961
56567
57277
57287
57307
57317
57987
57997
58007
58017
58037
58697
58717
58737
58747
58757
58767
59427
59437
59447
59457
59467
59477
59487
59497
60147
60167
60177
60197
60207
60217
60227
60857
60877
60897
60907
60927
60937
61587
61597
61627
61667
62327
62367
62377
62397
63027
63037
63057
63097
63747
63757
63767
63777
63837
63847
64467
64507
64517
65187
65247
65267
65277
65307
49593
49613
49623
49633
50313
50321
50333
50353
50363
50383
50953
50993
51053
51083
51793
51823
51833
52553
53273
53923
53971
54481
6394
1258
49919
63823
49317
58617
59427
60057
60147
60201
62197
62917
62935
63097
63107
64357
64547
64567
64587
65237
65277
65287
49973
50083
50303
50313
50423
50983
51083
51453
51463
51483
51503
51773
52193
52493
52593
53183
53233
54033
54133
54153
54413
54443
5534
5726
12934
54771
57483
59353
60073
60083
61533
62213
62223
62233
62253
62943
62953
63653
63673
63683
63693
63703
64403
65113
65133
65143
49449
49459
50179
53019
53029
53749
53759
53779
54459
54469
54489
55109
55189
55829
55839
55929
60309
61769
62111
50349
962
6542
50311
55251
55417
57241
57251
57961
64255
64467
50257
51707
52397
53127
53137
53847
54567
54577
54597
55237
55247
55297
55307
55717
56757
57477
57941
58537
58557
58587
59247
59267
59307
59967
59987
59997
60667
63347
53413
582
3582
13298
6188
49183
49193
49803
49813
49913
50523
50633
51253
51263
51343
51353
51953
51963
51973
52063
52673
52703
52753
52763
53423
53771
54143
54863
54873
56333
57053
57063
57783
52075
54483
56239
60101
11838
4298
49863
50333
51123
51853
52713
52723
53303
53333
53363
54023
54043
55483
56163
56213
56883
56903
56913
56923
57643
58373
59073
60553
63463
64163
64173
64233
49229
49239
49249
49939
49959
49979
50729
52859
55119
55839
50399
4094
7616
1196
49431
49461
49471
49481
50181
50191
51817
61635
51131
63793
51575
52975
53005
53055
53095
53735
53775
54233
54515
7284
10920
54889
58655
58685
59583
59613
60293
60303
60313
61023
61033
61043
61277
64733
65453
65463
57543
52369
52389
2692
5228
55889
55927
63617
64015
64337
53605
55313
56515
56535
57935
51905
53781
11912
15316
52133
52843
52853
53553
53573
53879
54993
57143
57163
57843
57853
58593
59273
62763
64293
49339
52827
59549
59559
60279
60289
62349
63789
63819
64493
64549
64579
65249
49585
49605
8774
10890
5308
49253
49273
49293
49303
49313
49683
49685
49693
49733
49963
49973
49983
49993
50003
50023
50043
50083
50373
50423
50433
50453
50463
50473
50693
50703
50723
50743
50773
51123
51153
51173
51183
51193
51203
51403
51413
51433
51443
51873
51903
51913
52123
52133
52153
52163
52173
52183
52593
52843
52853
52873
52883
53553
53563
53573
53593
53603
54303
55093
55813
54997
56299
64827
8528
6116
52575
56617
56689
56699
64377
65139
54713
57727
58437
58447
60655
63915
49337
50451
4094
7642
55211
55921
55931
55941
61661
62095
62371
62795
62815
64741
64965
52315
52823
54371
55101
55821
60013
50411
7594
10082
49507
50937
52337
52377
53077
53117
54047
54067
54389
54517
54537
55245
55257
55267
55377
55387
55957
55987
56757
56767
57417
57467
57497
57527
58147
58207
58237
58287
58897
58917
58927
58937
59647
59657
59677
59697
59707
60347
60357
60377
61027
61077
61817
61907
62339
62349
62487
62507
62547
63069
63089
63237
64489
50305
668
16130
51895
59605
61489
62269
63751
63761
64331
64341
64351
64361
65081
49407
50587
51297
51547
52037
52047
52067
52307
52347
52807
52997
53007
53467
53497
53527
53717
53727
54187
54457
54937
54957
55157
55167
55637
55877
55907
56597
56627
56637
57827
58077
58497
59207
59547
59937
60937
62797
63867
51363
51373
51403
53453
1292
2346
14264
5290
50683
51403
52103
52113
52123
52193
52823
53533
53563
53583
53643
54263
54293
56509
57239
57959
62919
63937
50539
50679
53057
53851
562
4848
52263
52273
52983
52993
53003
53703
56025
56187
59777
49529
50249
50969
51973
54589
55299
62935
50161
50171
6466
14300
49261
52891
57831
58103
58561
58733
58813
58823
59261
59991
60001
60143
60153
60711
60731
64319
65123
49347
49357
50037
50807
54287
55037
61627
62347
63027
63047
64801
65531
51033
8348
1710
36
49503
49513
49593
49663
49713
50233
50263
50293
50303
50413
50473
50963
50993
51033
51053
51123
51163
51713
51743
51833
51853
51933
52503
54403
57643
59093
62753
63483
64923
65363
50669
56725
57149
57879
58589
59289
59309
61439
61449
63217
5666
2992
52377
61107
62065
62349
63279
63289
64019
49425
49435
49445
49455
49475
49485
50135
50155
50165
50185
50865
50875
50885
51585
51605
51615
52315
52325
52335
52937
53035
53865
53875
2392
12522
4064
51845
51945
52727
53365
54145
54865
55565
57695
57833
60371
60811
51857
53327
14422
51215
59001
59591
60281
60291
60321
60981
60991
61001
61031
61861
62421
63171
64591
50307
50317
50829
51579
53019
53739
55199
55617
55869
55879
55899
56287
57017
57047
57319
57329
57339
57359
58049
58099
58769
58789
59479
59499
59529
60229
60239
60909
61649
62409
16056
15514
49923
52773
53573
57833
58523
59419
51459
52879
55769
55779
56519
57909
57919
58569
58629
58659
60029
60749
60779
60809
61479
61539
62939
62949
63639
63659
64329
50025
50105
51595
53737
5412
3450
50181
50361
51041
51051
52321
53241
53311
53821
54051
54511
54741
55291
55461
55491
55511
55531
55991
56001
56021
56071
56811
56891
56961
57031
57521
57641
57681
59121
59791
60819
62051
62711
62761
63449
64141
64159
64221
64889
49205
54307
55027
59307
64777
65259
49595
9682
13052
3044
53549
57033
57723
57733
57753
58463
59173
59183
59193
59213
59893
59933
60643
62083
62813
63543
64223
64235
64243
64263
64965
49289
49309
49999
50009
50029
50039
50759
50889
51469
52339
56659
57189
57219
57389
58319
60749
100
11828
54201
54921
55641
55651
56371
57091
58521
58531
59241
59713
59971
60681
64621
49627
49637
49647
49657
49667
50367
51087
51787
51797
53933
55279
57637
58357
61647
61657
63087
63811
8096
51405
59743
60453
60463
61183
61203
61923
63363
63373
63393
64113
64783
64803
64813
64853
65523
59969
60497
60507
60689
62089
63509
64209
49307
51335
52725
53435
53465
54007
4426
49953
49993
50683
51373
51403
52083
52093
52103
52803
53583
54263
54273
54283
54303
55003
58593
59323
61443
54599
55329
55339
56059
60273
63529
63549
64219
64229
64249
64949
64969
64979
64989
49315
49325
50015
50035
50735
52835
914
11450
49933
50633
51353
52053
52073
52803
53493
53931
54223
54243
54953
54963
61453
62843
63387
63553
63583
63593
64283
64293
64313
65013
65033
49329
49359
49369
50079
50089
50769
50799
52219
52229
52249
52929
53649
54369
55119
55809
56529
56549
58709
58719
61569
62339
62349
63029
63739
63779
64459
64499
65189
65209
65219
65229
65249
49575
50255
50275
50297
50305
50335
50975
50985
51005
51025
51027
51035
51725
51745
51755
51765
52465
52475
52485
53175
53205
53885
53915
53925
3500
11358
59173
59883
60593
60603
64153
64883
64963
49209
49269
49299
49949
49999
50019
50039
50659
50669
50679
50719
50729
52089
52169
52789
53479
53529
53619
54339
55719
55779
56429
56439
56459
56469
56479
57169
57909
57929
58569
59279
59309
59319
59339
59349
59989
60039
60049
60689
60779
61389
61409
61479
62789
62799
62859
62929
64949
64999
49995
50555
50565
50585
51245
51255
51265
51515
52055
52135
52885
12124
49837
51285
52523
53253
53263
53465
58605
63623
64343
64353
65053
65063
49389
59183
61449
61469
62189
62909
63619
63629
64329
54285
11218
3364
54581
54791
55371
56811
63083
63093
54297
54347
54527
55017
55797
55807
56457
57187
57237
57247
57937
57947
57967
60107
60117
60797
61517
61547
61557
61599
62277
63667
64437
51393
51493
53783
54091
9098
14524
50327
51235
59589
53143
59281
63281
49295
50025
50035
52025
52085
52095
52105
52351
52755
52765
52775
52815
53495
53545
54215
54225
54265
54275
11026
11790
57825
58147
59845
62065
62075
49421
54417
54427
54437
54497
55147
55207
55217
55227
55927
56151
53849
53859
11314
7690
9480
53659
54903
55623
57063
60653
50729
51449
53579
53589
54329
54979
54989
55009
55729
55749
55769
56419
57879
57889
57899
57919
57939
57949
58019
58609
58639
58659
58669
59349
59379
60039
60059
60079
60099
60779
60799
61499
61519
62189
62209
62219
62939
63629
64289
65059
49335
50755
50775
51495
51515
51525
51545
52285
52837
54305
682
9194
1160
49825
50555
51275
51285
51853
51873
52005
52015
52583
52593
52735
53323
54063
54093
54803
54823
55535
56253
56263
56273
56973
56983
57595
57703
57713
57723
58413
58423
59035
50963
63693
8946
12222
4326
50293
50313
50393
53333
53343
54951
55523
55651
55681
56391
56953
57081
57801
52167
53567
53647
55007
56517
57237
59387
59407
59815
60117
61537
63727
49403
49593
50103
50913
51133
51143
52353
53153
12108
14524
10440
51453
51463
51473
51615
52183
52193
56751
63417
52223
60283
51209
51547
52457
54279
7952
10910
1150
51743
51753
51763
57925
49525
55933
62421
63111
63771
64611
64621
50349
51109
54229
682
13208
49939
50649
50659
50669
51359
51399
52129
52417
52829
52839
53519
53529
64745
62421
49457
49967
51867
3690
12436
50163
50445
53193
53203
53923
62971
63785
49705
50721
54171
58421
49189
2862
8834
4286
55009
55211
56891
49357
54297
55017
55085
55389
56557
56577
56587
57887
59217
59967
62537
62787
63997
64017
64127
64481
64707
64737
64767
65387
65427
65497
49773
50363
50553
50583
50783
51263
51303
52193
10166
16378
51093
51813
52263
52363
52373
54453
54543
59813
61263
61963
61983
63433
64123
51309
52029
52709
54149
54189
54199
55629
57069
57789
61969
62659
62679
63359
63379
63389
64159
64189
65217
65227
49553
50313
3330
10740
11712
4916
49403
49413
49423
49453
49733
50143
50383
50393
50453
51883
51913
52603
53313
53323
54053
54753
55447
58201
58265
58739
63195
53693
54413
1228
1574
51353
51363
51373
52053
52083
52753
54007
54963
56393
59193
60613
61343
61413
62053
62113
62783
62843
55039
55779
55809
56549
56569
57665
58669
58699
60879
60889
62349
63769
63799
63809
64479
64489
64499
64539
9194
12396
2634
61601
62051
62321
49357
49689
50867
50937
51617
51657
52867
53281
58767
59937
59957
60647
62407
62797
63117
63207
63407
63517
63527
64607
65347
49643
49943
50023
50693
51283
51313
52853
9316
15826
49451
49461
50161
50171
60695
61293
62003
52769
61089
61099
61109
61149
61829
61859
61869
62569
62599
63119
63279
63289
63309
63849
64259
64569
64979
64989
212
13208
54853
54973
63523
63533
63543
64233
49309
49979
50759
52149
52879
53993
55059
55779
55789
56499
56509
56519
56523
60749
60779
62209
62229
62939
62949
63809
64539
50125
51455
52155
52165
52925
52935
53675
5850
2102
53923
55373
57013
57733
63011
63021
63031
63041
63741
63751
63761
64461
64471
64481
65191
49527
49537
50237
50257
51707
52417
52427
52437
53147
53857
54545
54587
55307
64133
65303
51809
52529
53969
11066
10368
1634
56895
57025
59701
62609
64071
64771
64791
65491
65501
49847
50527
50547
50567
50587
50597
51227
51267
51277
51967
51977
51987
51997
52007
52017
52037
52707
52717
52727
52737
53407
53417
53447
53677
54137
54837
54857
54867
55557
55567
56297
57007
57017
57717
57747
58447
58457
59867
61795
53709
54429
3706
4464
4384
51343
51383
52073
52083
52093
52103
52793
52803
53329
53503
53513
53523
54243
54253
54943
54963
55683
55703
56393
56413
57103
57113
57143
57803
57813
57833
57843
57853
57987
58563
58573
59137
53797
54507
55073
57271
8852
1290
52131
56241
56441
57861
60001
60591
64941
64951
50707
51447
52167
52937
54397
55087
55807
58697
59007
59737
60787
60985
61477
61597
61969
62327
63027
63657
63737
63757
64457
65137
50041
50203
51433
52223
53073
53103
53733
53793
6492
9820
51157
53911
54127
54147
54227
54957
55557
55567
56237
56257
56327
56377
56407
56437
56947
56997
57027
57037
57117
57127
57727
57737
57747
57757
57767
57787
58457
58467
58477
58507
58517
59197
59207
59225
59237
59897
59907
59917
59927
59935
59945
59957
59967
60607
60637
61347
61357
61367
61997
62027
62037
62087
62773
62797
62807
63457
63467
63487
63497
63967
64217
64227
64927
64937
52083
52753
53473
53483
53593
11042
1928
6162
54607
63481
63501
49257
50697
53617
54307
55017
55035
55757
56487
56497
56507
58637
58717
59285
59397
60047
60767
60807
61427
61567
62207
62347
62897
62907
63535
63645
63655
64347
64357
49383
49733
49911
50063
50123
50743
50851
51463
51503
51523
52873
53623
700
10234
49203
49933
49983
50673
50683
50693
51393
51433
52103
52123
52833
52843
53383
53523
53543
53573
54093
54103
54283
54303
54313
54323
55003
55023
55713
57033
61021
61741
52971
57893
61839
63563
3628
8092
1920
49451
49521
50201
50231
50941
50951
51661
51691
52311
52321
53091
55311
55991
56041
57471
57481
58201
61749
63691
65461
49163
52377
55039
55137
55749
55857
55877
56587
59497
63157
63357
64087
64687
65397
1046
1524
54077
54797
62277
62565
63697
54961
57163
59323
49325
50025
50035
50725
50735
50745
50755
50765
51435
51445
51455
51465
51485
52155
52165
52175
52195
52875
52895
52905
52915
52925
54355
15812
3736
50283
50393
50403
50423
50993
51743
51803
51833
51843
51853
52463
53253
53293
54023
54633
54643
54733
54773
55363
55493
56083
56103
56173
56185
56193
56203
56893
56943
57533
57635
57653
58263
58303
58343
59013
59083
59773
59813
60493
60503
60513
61243
61263
62853
55907
56637
57377
58077
58847
13730
15872
51017
51027
51727
53489
54627
55347
56499
61077
64311
50067
50107
51507
59457
59753
60177
60887
61617
61627
51289
1150
12960
4416
55861
55881
56591
56641
56651
57281
57301
57361
58071
58081
58241
58971
60381
61299
61821
61841
62571
63261
63271
64001
50173
51227
54527
54917
55267
55645
55807
56047
56327
57437
49209
53421
4362
53467
59549
59879
59909
60409
62689
50713
51923
60283
62495
62515
63205
63215
63235
63925
64675
64685
4218
4044
57925
51461
52181
55811
57031
59275
61165
63601
49537
49697
50349
52317
4794
11926
16048
380
58281
59081
59801
60511
61901
61911
61961
62641
63615
64121
64161
51327
52377
53467
54187
55597
55607
56317
56327
56347
56377
58517
58547
59257
61897
62857
63211
49973
50083
50123
50753
50783
50793
51211
52233
52373
9204
13060
1246
52231
54331
56017
63501
63521
63531
64261
50587
51447
52157
52167
52187
52897
53587
53617
54297
54307
57167
58607
58657
59093
60077
61707
62437
64587
64597
65317
49393
49643
49663
49723
50013
50163
50383
50733
51133
51873
51893
52913
53349
5086
2956
49481
49491
51541
51621
64923
64933
64943
49269
49289
49309
49969
50009
50689
50709
50719
50739
51419
51429
51459
51469
52139
52149
52159
52169
52179
52189
52879
52909
53629
54309
54319
54329
55729
55749
55779
56469
56489
57159
57179
57189
57879
57889
57899
57909
57949
58599
58609
58619
58629
58649
58659
58981
59309
59319
59339
59359
59369
59379
59399
60039
60049
60059
60069
60099
60759
60769
60789
60819
61509
64359
65119
49415
50085
50135
50795
50815
50855
51525
51555
52265
622
3198
49213
49223
49263
49273
49293
49323
49703
49713
49723
49733
49743
49763
49783
49793
49863
49963
49973
49993
50043
50253
50493
50503
50513
50533
50583
50613
50663
50703
50723
50919
51183
51203
51213
51233
51343
51363
51403
51913
51943
51953
52093
52113
52773
52783
52803
52813
52823
52843
52853
52863
53493
53513
53553
53563
53573
54253
54293
54953
54963
54973
55003
55673
55693
55713
55723
56423
56433
49459
6394
14524
50733
53593
55703
55733
56463
57133
57163
57853
57863
60013
60023
60743
63045
63623
54197
55839
57269
60159
60189
60219
61629
61659
61679
62369
62379
62419
63059
63109
63869
64579
65239
65259
65309
49595
50445
51325
52695
52705
11762
66
55275
56973
58639
59299
59349
60019
60029
60059
60079
60779
61449
61479
62043
62169
62199
62869
62899
62909
62929
62939
63579
63599
63609
63649
64259
64319
65029
49305
49315
49335
49345
49355
49365
49375
49385
49985
50015
50045
50085
50725
50755
50775
50795
50805
51415
51435
51455
51465
51485
51495
51515
52045
52065
52125
52145
52155
52205
52235
52845
52865
52885
52895
52905
52965
53515
53575
53605
53635
54235
54245
54315
9336
53287
51535
52315
52683
53451
53785
54375
55665
60335
64903
51557
52061
5228
14524
1248
4934
7850
53703
54413
59655
61547
53097
53817
54517
55247
55257
55267
55277
55957
56667
56677
56697
57407
57417
57437
58137
58147
58157
58847
58867
59557
59567
59577
60277
60287
60327
60997
61005
61735
61777
61787
62427
63137
63147
63157
63207
63217
63877
63887
63927
64597
64647
65397
49683
50443
50473
50483
51163
51933
52583
52613
52623
52633
53293
53303
53421
9510
5954
54453
56321
62993
49449
49459
50179
50879
50899
50919
50969
53419
53779
53799
53829
54549
54579
55279
55599
56719
58899
59629
60339
60369
61089
61099
61789
61799
61829
62499
62509
63379
63969
64069
64699
64769
64819
65459
49825
50505
50665
