5784
64956
11254
63188
1518
56050
59236
11720
3956
63210
51716
13054
59986
53706
3200
55938
61154
9637
10315
6306
13769
58724
5384
59866
49466
3222
57866
57886
61805
49229
4912
56550
14938
55468
59978
12088
14348
63000
56940
12746
638
51992
53532
8492
11930
64264
55734
472
666
52232
60678
8808
2719
7449
5135
59126
52408
762
6002
63216
2112
4037
60040
52974
4518
49506
64724
14842
5863
10179
4145
60980
7027
11457
15759
52186
56441
62943
60169
52717
7032
59086
65506
10848
22802
17882
36114
42018
20562
32268
34428
33352
25360
19626
42150
42651
29022
32606
49106
26664
24760
34582
46524
27082
39534
30056
31608
38434
47424
17070
34890
32522
20480
42880
22162
46374
29538
33122
31164
35432
46818
21456
43982
30167
31360
32080
16416
48229
37472
29166
37333
42491
36932
48465
49031
18860
42090
17768
44470
27266
33858
38567
33947
18756
47560
17155
17307
19255
22095
23497
30055
30409
17287
23789
20979
43772
34648
22536
43970
22614
49012
30364
16830
18220
47392
24696
26180
32802
34764
30826
32262
42096
20532
21085
21212
31683
48564
24356
33746
36600
16667
17217
17485
25619
18769
20109
20127
23039
25799
19375
21085
40794
28188
17276
34888
38381
40649
35399
17486
32700
44624
40706
48222
20592
34582
40330
20970
34576
35306
48118
23176
24566
36446
16396
18348
37788
18330
42464
43970
23064
27094
44420
44960
23698
34644
30324
27324
35074
44380
46160
23138
30538
38068
38840
25652
33414
42712
17960
18872
43150
49016
19882
30254
34242
38958
20726
28870
39824
41688
27594
31804
34083
42216
34594
23492
34900
31770
38268
37182
27978
37870
37744
22997
20690
20700
37538
24672
31234
34234
41136
20218
26195
30097
38864
38610
39924
16978
42492
47245
28304
16840
45688
33522
21082
27219
20801
36863
39793
46341
42892
47127
18192
38532
18226
29652
34037
35284
20986
31447
17437
30353
37278
40530
25454
41440
42002
26142
40760
43592
24376
27792
34988
23750
29656
34244
20906
22386
47932
24896
29098
34358
21004
34810
20448
20458
33840
19049
24795
24805
26265
23259
29177
33077
48578
37885
25010
25030
44526
25554
39354
41188
26642
42482
17132
17182
30063
37910
46958
31736
37494
43846
16664
16714
38100
35404
31452
36350
33012
30988
48482
30074
16422
47522
46260
16598
36044
47600
16500
16872
36174
44088
32520
42350
36202
36930
25330
26102
38990
46656
16674
19634
47474
38056
16763
17291
22524
30273
16421
16845
35942
37262
21990
26568
44492
45788
25182
25922
34974
17102
26141
32938
27830
33399
43907
48808
32823
20896
35348
20421
32524
34994
35438
17548
31532
32893
37915
47853
34653
41481
41623
34657
22222
34390
34436
22066
43872
40280
23364
31960
35388
18901
23666
34538
36932
28704
35302
33492
22836
31516
44500
16466
19245
24215
24343
45582
46214
30184
35280
32206
41908
48118
27078
29220
33176
38206
23623
26235
20473
25646
43206
22319
18338
20845
21213
34414
36360
28332
39616
46348
22838
23558
45212
37190
19086
34876
36068
17403
18892
33182
47962
24650
38424
40300
16425
28589
17859
19404
20455
23369
20645
36348
20404
37348
37494
26526
21722
30824
39878
18368
31248
35210
36838
32216
17456
36588
35342
26526
28226
32854
37770
22336
27266
46262
48276
32590
41058
34746
28352
47584
44988
21666
22386
44218
22300
40998
48516
32700
26804
44516
17410
38574
44127
44971
19686
37748
23914
26814
27604
48600
17612
39692
33620
21608
42178
36998
24682
28982
36051
36605
39924
29088
46634
26644
20240
39674
40438
17538
35966
26848
31586
35638
39386
17778
38642
47712
26910
26940
26960
36700
46692
41236
22296
41292
46400
32676
36700
17226
38270
28220
40340
44228
22132
29522
42628
31532
34602
35556
29884
37340
44558
16492
29356
48081
48107
43066
35283
19116
33520
21212
26142
39590
34872
18186
39392
33802
23532
39310
33100
18026
21666
35688
36680
16916
28206
34826
21330
41716
47774
25418
35892
46348
24112
30074
37288
18998
46486
16978
49070
34730
17158
34974
37176
22000
27232
44518
34992
20092
43614
16629
20581
21301
23401
25663
29495
17475
24477
28725
31547
33850
45874
32650
32886
31516
34426
37718
26154
23490
38940
41504
25008
33698
33784
29880
47522
23354
49142
42216
21498
19354
37272
18108
42124
18002
18012
43672
18388
46594
46692
23672
33284
34186
20616
17368
38018
24076
19380
46548
22378
41798
34326
28090
47366
45160
26252
34028
30970
32460
39224
30611
29806
31553
44806
22780
39782
46480
16870
19780
35324
38828
23475
27407
31052
31311
21447
40290
33882
28602
31088
40466
42842
22208
26442
38068
46720
24524
46016
24144
49078
31838
36174
39678
25888
41762
24266
19612
48792
28294
18814
33264
20138
26442
35441
42335
34859
35969
38801
33774
26768
39924
23094
45020
36430
46818
17080
44212
48908
26266
35074
43378
19870
34984
31132
22566
36386
41686
19724
21336
35914
31173
17916
36736
36058
39982
27594
16930
37610
44628
31540
38101
38465
40842
40415
35471
21732
26094
36864
35066
28464
41842
32886
32624
40090
31084
38120
45588
22152
38734
26814
36638
27290
46966
24882
27522
48200
42514
22780
41050
19748
21818
34234
44742
18998
34082
19250
32128
45582
35040
22232
22272
39164
42002
26606
27996
40452
32498
41744
45344
35872
30602
40744
46994
27524
31024
36114
42916
20124
38318
26767
18848
20795
45016
27654
28294
40254
35860
18894
32606
40310
35542
35552
17722
16514
35500
40380
17544
32654
37564
17720
29398
46168
48808
20502
23600
38348
47464
20136
46972
47414
18442
24076
41790
19170
34638
22750
24160
24880
33110
42658
22444
22574
40566
48796
16996
44912
35130
43078
25652
36426
33028
16840
20980
37531
42037
48607
33191
33397
34631
35103
39349
41891
33037
33451
35947
32102
35972
27048
32831
37256
43969
16962
19842
26020
34188
34968
38990
43208
1090
4782
54256
54266
526
10274
64870
52014
54130
16302
16254
59410
61942
7910
16142
59002
5862
64726
170
54499
62401
57687
58417
63471
65103
49655
3204
14468
50430
6435
15148
10271
54250
60046
12886
49176
58890
4808
49414
50736
12438
3456
60034
8942
2216
54834
1090
59720
61412
15987
2240
7361
1027
52690
58380
13482
65292
54718
9870
57684
65340
13252
58092
63810
122
11344
50852
13248
55874
4940
55679
59699
62529
63367
51299
51971
52739
57825
58265
63737
9978
12090
53484
9828
15410
52426
54636
13806
61402
50136
12200
53352
7532
56612
64464
12252
2264
27996
28166
44856
45406
23140
28554
34432
25022
31138
21512
34238
28330
34858
19516
28142
40858
21300
22770
48524
18328
39728
23814
18540
47416
44092
22970
18900
46244
37634
22840
34400
18868
21816
33950
40478
22612
23352
32412
34690
36192
21470
24656
33940
17506
18888
34926
43312
31750
48852
35348
19652
22862
40558
27874
18746
33026
21392
38304
36182
23552
30536
38060
28068
32362
33800
33810
35260
21409
26713
27828
28759
30811
47836
36768
17792
36062
36852
29820
21198
37176
23102
25360
48908
33294
35464
21708
42384
23066
33310
31956
33932
29634
44626
33172
24082
17456
47062
33766
21614
36346
35290
37440
17970
26552
42328
37694
31698
34222
20774
38770
33026
21404
16546
33362
19004
1420
60034
1162
61292
50202
5476
55375
59662
6884
51218
64572
9367
9022
59590
49512
15207
3742
4453
64308
54048
7288
62444
54342
11404
49335
58948
59717
51741
4130
15508
58992
51022
16052
2606
51218
50892
878
60488
2696
53006
58610
2362
2864
49776
52042
540
3408
49564
11758
61638
9274
51660
3592
5420
57410
11932
56268
50612
9880
14198
55696
8910
3960
51333
64589
6199
14121
535
1275
9643
10977
11241
49210
64984
4884
51318
658
8973
15543
7561
457
603
61092
60674
12578
64348
63856
11962
60034
6156
5732
51126
51806
13404
14666
53036
59536
10124
56318
12528
53644
52414
60034
16312
17804
19945
20675
31845
42660
27752
36902
18632
30522
33752
18887
20206
44524
38800
26470
44554
34019
45993
35315
23154
40340
35904
18022
46644
33150
33880
30054
43788
33114
19730
39378
19266
21006
47280
38147
38347
22574
45792
31250
41916
22360
29964
32884
39312
26150
17232
46612
30530
30854
47610
29378
17898
18920
46532
45186
46458
25948
19364
43336
47476
26820
29570
35382
26432
30062
32992
38384
16782
32514
42132
42766
18938
36030
28474
26024
37596
43911
38551
18198
24377
17293
27089
31363
32767
34684
48726
30182
21248
46888
38520
35883
16798
31008
38920
33068
23150
19742
44084
47410
16876
45272
30242
40908
17814
23440
41290
19054
42318
44269
38057
19418
17138
33082
36370
26518
47116
16946
41444
29990
19324
44256
23366
27049
35106
37702
28484
17708
33838
37084
20634
35436
29008
17736
33556
42208
18134
25056
35466
37366
22393
25812
18628
42228
18964
18888
37596
42464
22896
26302
44626
46816
18932
21160
36406
37146
25618
29180
33989
34709
41959
47353
35430
25378
47316
17372
27828
31295
47086
17434
27666
49010
22894
17128
39414
34700
29062
27316
46018
29326
38649
40525
32844
33549
22850
21538
32791
37593
48763
32822
20674
35382
21110
19568
34990
18027
20819
22519
27874
18073
21361
32743
38908
42564
22040
29056
35116
38262
22700
38152
36077
17809
32758
25305
27899
16713
19919
21251
34629
33583
43245
43455
48342
17164
38852
47872
25118
18412
38364
22360
37558
22484
29792
38200
38920
19508
34814
48053
29670
33594
38442
27596
18022
37812
40072
16870
25094
38286
42359
33907
24260
17458
43048
16596
32738
37360
18590
31300
42096
32944
18222
19596
40514
20367
21886
26711
20821
39072
21684
36602
48068
23362
17456
33526
18860
22840
34184
30080
37934
38342
28346
20528
47711
37013
35996
32308
34189
33612
16818
25236
34288
41132
26108
18884
45906
20129
30408
26143
29609
32888
20168
25870
41036
19804
26742
46532
21414
28296
33486
46768
19542
18540
34920
28584
30072
42618
30420
44454
25186
23314
44528
34894
36332
25785
28980
16719
38860
36286
26338
34692
22226
27818
18770
48396
23926
24584
34614
38254
20500
17981
36698
20077
23660
34226
44970
33460
19418
34231
43188
43198
32128
25252
37192
17850
49014
32618
16408
35216
39786
28131
31643
20872
21219
44514
33048
32230
17154
36192
32514
35562
18590
26822
43908
39106
25968
38240
46648
48318
23822
24458
36852
21020
34772
34812
17030
21505
45900
26616
31214
39874
24872
18914
36284
41746
16454
34972
46853
27556
20538
21334
8144
11262
58594
60994
64984
11674
9766
56334
14832
61250
4048
13432
53664
59827
3034
52987
53002
4230
54728
54768
1006
63454
54284
1424
1196
56798
50440
3860
64768
14822
55463
60292
61062
6446
5732
53224
1826
56268
1664
55580
58420
414
14820
60970
7156
64562
50998
5008
49838
62572
7698
1458
53134
1010
16657
19397
24497
29081
23540
27811
29885
41316
16680
32608
38948
19462
30682
36764
35102
31734
33306
35386
25342
44514
18173
24092
18237
21067
22123
38520
37054
28980
39028
26816
41074
38008
21986
24984
34488
20878
44412
37844
25514
42232
17192
47916
31070
32934
40714
29878
17407
19625
21667
24809
30075
37636
43188
26314
17414
32800
22190
25893
17225
23733
41008
42438
42458
26234
18506
48514
21674
40858
43708
26552
46240
37794
30256
32468
41362
20546
42170
45032
30018
18868
45538
20872
42900
26552
21216
34470
18443
25193
25223
26765
17933
20545
25119
28333
30415
17967
20877
36654
23996
30198
44517
33210
18198
18130
44744
43026
18254
25524
46050
26966
17328
42250
31836
26144
37772
23678
17128
27168
41376
19818
20122
46270
27325
21245
30854
19871
21531
34604
37494
