7904
49796
57934
328
52766
58566
65532
9322
9696
51332
58276
11664
12688
52036
56182
4090
9690
53572
41138
44910
22198
32494
47676
28472
34832
38270
25354
16544
39948
41318
18814
25204
33950
37868
17710
34902
23532
18430
42702
16996
30858
41908
29618
18226
35002
29868
30834
46570
18404
32136
43856
47924
18126
34390
47008
31958
48844
21128
38346
47556
19578
40400
44886
17224
17944
46180
17944
19986
35472
23588
38114
48746
30988
47530
22658
43190
18232
46576
35272
16858
37340
38244
16788
43790
34548
17550
17840
34578
19898
31232
37604
43206
22770
22780
39380
25254
30538
37262
21222
32142
47484
30324
31612
47168
37810
29130
19808
43548
47600
16500
21848
48848
31796
19612
33840
40644
16480
46736
16978
17248
47464
36062
26606
30824
38574
40035
30288
40996
18744
41790
46222
18998
20948
38930
28170
32140
44218
26142
18684
36856
33774
27156
48040
22524
31794
48752
31776
38200
47284
23986
27048
33538
37550
25400
25776
41752
47392
19660
24338
40830
20896
23224
36028
30702
22502
42820
20270
17638
33930
37669
46455
59292
49596
9790
280
63202
5964
8336
49830
56506
10108
52310
6330
61516
2832
5792
59130
11846
8454
51560
2460
6920
50482
61962
13764
59472
51726
14530
62460
10372
59130
5464
61296
60412
8712
52810
296
53054
62574
6840
63084
65516
810
60662
1263
2430
9417
14247
55694
61098
2440
12806
58070
59320
6646
8826
52550
12346
56976
59450
9758
10328
62564
59352
15338
58148
2542
55804
2702
59116
50816
10114
59526
1268
4828
57888
814
52552
4532
14622
55160
56474
13448
63586
54296
3928
49546
12496
9502
50497
55907
61411
62455
62735
55014
2420
57830
59114
5248
59588
63995
13368
14498
60804
52988
4510
5960
51924
56860
6180
52692
55234
214
58644
8784
50020
51140
4084
53552
58600
5778
12546
63158
7548
53128
4080
60008
2152
60304
65526
9850
58286
1316
58848
58070
9364
12344
52774
12792
278
52832
50004
1202
61134
50402
1422
61190
9070
49876
984
51238
65134
2334
2354
63188
11210
2996
51274
2540
50720
52410
11226
1904
61042
57058
5134
9216
56664
3106
54710
8808
14872
50054
6524
3754
61824
65142
16140
5118
63936
7684
50094
60472
50348
8767
15800
2771
62014
2702
49236
51522
15900
58128
14858
54168
51144
12480
15042
59618
6486
61204
56172
13040
54674
56298
272
59558
1816
60454
64894
12040
1922
54828
57314
11006
1182
58088
60260
2616
3802
56308
3952
49454
210
6840
53042
15808
490
110
55210
62468
8412
10836
49426
61098
4820
7750
51106
60138
8406
50714
3152
9510
50126
8832
53756
1860
64998
1884
63776
3122
51656
1935
12836
13546
53646
8412
11612
52428
53404
13476
15312
56684
11756
61510
2543
5903
9892
52766
62966
53168
7492
4564
50226
7692
64300
54934
4780
58556
3936
6212
62128
65192
4512
58416
50348
11522
53672
3646
62758
64300
88
64432
51528
1944
49386
6952
63776
54484
4828
14794
50562
54078
10588
58270
288
6762
60298
4392
53878
63166
8542
10430
62038
59590
1632
49270
14110
2842
58562
52334
5016
9700
50892
1172
63492
2328
5888
64526
55916
128
1698
60900
50850
14842
7028
61496
49776
15908
53904
54210
13460
16032
56830
52368
7646
9699
9796
9826
50272
49484
744
12436
50966
324
3470
52250
60748
12098
9268
14416
63788
52446
718
10430
63040
61322
14154
56508
65192
2614
3364
53054
55538
14938
15648
56018
59680
7350
49932
53250
474
50618
9666
60508
58880
11720
63914
50010
8924
51484
42
49192
53736
9354
64594
4064
63676
51090
16332
52956
9698
58070
1422
51888
61604
6124
62086
12714
2334
60256
65198
3348
7018
50462
56764
290
61086
11184
10710
4758
51102
64218
7966
51038
55424
7106
54958
64948
36440
33858
29284
38400
36724
18348
18510
41970
16714
38002
18232
39590
47494
25216
18782
47952
45546
37644
17740
45592
35012
31152
46994
16746
24070
47604
43018
18002
25250
40744
17722
47392
39722
16820
28482
46134
34026
30812
32352
38068
46354
19170
34508
17224
32130
25216
29836
47066
39068
18198
19648
35802
31324
35438
45608
32590
37602
43340
19128
36230
31516
19422
33404
18496
48118
24076
26040
31088
35902
21904
30298
34246
19870
20870
44380
36094
30612
17368
35130
36112
25100
39224
30710
31420
38630
35364
18814
40074
22928
47402
43066
31906
41042
48898
30260
17456
18176
41216
42196
25652
19732
46888
49012
18406
36114
37984
17402
33064
16460
38990
34170
17435
20857
26363
26526
18777
31137
43072
23532
16802
41888
43066
25330
41356
44796
19232
44084
26218
39412
47894
25533
30858
47352
27293
28853
27370
30970
41716
26804
21142
45288
33492
28472
35620
18918
24442
38574
21442
29736
35594
35332
18592
30584
38630
19232
43462
18556
35358
38302
19086
42596
25360
30450
35926
32558
39044
34826
30904
40054
47175
34521
39979
47137
33017
34923
34989
25932
21624
41652
37582
18132
20270
35830
21230
43126
44028
32606
33902
39270
23364
17633
20007
41582
47926
16724
42032
35586
24288
46388
34398
26328
27048
38184
38574
19005
30260
17466
33074
28412
27828
35778
29702
36682
38840
16575
16815
16855
16925
17575
18015
18135
18965
19025
19545
19775
20555
18295
21345
32537
17603
42610
24300
38644
46228
16550
28028
46910
47854
58580
62912
4268
6418
64096
7610
12234
56432
58608
7742
49692
8908
14054
63040
28
5068
57814
14436
202
63094
54742
15202
59822
450
50824
8298
61224
50466
3458
5964
53084
63808
11476
4536
54484
422
3242
51530
64278
9680
53160
5682
55938
53948
2464
65426
11474
15774
58182
60596
12770
49162
49212
5048
64130
62552
51466
6484
8532
12976
28294
17672
45476
19106
32774
25934
46446
42600
24340
47632
33802
21430
20000
44042
29130
29860
39154
44558
20566
32480
48894
33280
29514
16730
36514
44840
23558
48682
44228
20394
20404
35973
37287
43709
44525
47499
20560
21046
48074
20602
33788
36932
20096
34024
22356
22386
43656
43962
21292
39168
39246
17202
48226
21514
46914
19790
30272
44224
30148
28191
29203
29465
18101
20369
35882
49128
17106
36858
35374
31912
19918
38348
47400
24088
30552
35232
37085
20024
25400
40474
34504
17652
32606
34398
18220
21820
36064
34826
16612
18982
42674
22000
20545
37368
40500
20800
37462
20730
38466
45588
16964
46266
33112
29088
48562
20218
23176
36414
45758
28248
33888
32976
23600
39084
34698
32620
33110
22482
39604
28304
28964
42332
36856
20544
40884
48270
20967
24627
28802
31811
20091
42604
29570
19242
41102
30270
20792
42210
46016
29350
29694
47774
34216
22508
21310
35802
32774
23805
24919
31736
33276
24550
32630
39310
35734
27266
28226
37198
17040
18420
39564
20562
18220
42492
33694
16830
21970
42852
48118
23666
24376
48892
46194
17248
22590
47676
22432
17330
40734
20742
33910
43136
18212
34414
44526
18892
34090
35040
20394
48822
49006
24642
24672
17548
34984
19372
7028
8815
16045
51758
55608
10126
2702
51376
54316
334
53676
12076
8848
56540
12570
50966
15970
61690
8090
3876
59412
12660
15410
58128
63188
1010
49714
60354
4512
60454
57116
422
2622
52012
3338
4482
64910
15452
58826
54102
5356
6894
49236
49726
15312
3414
49742
62466
4150
58600
50978
15780
64154
50918
11198
53964
679
5432
6152
59342
60874
2450
50252
9796
10332
50922
58508
8134
13690
64192
15670
63338
50494
6286
10258
55738
49620
12122
65338
1112
63346
15358
64968
4134
1470
57304
12598
14048
61134
15224
3074
50956
52186
7560
53454
3762
15240
62426
56298
8546
5296
63806
52936
11954
13132
53938
50772
8978
59734
52578
2012
49322
50600
6754
53058
55066
8837
3850
387
60876
55354
656
8712
61338
57294
3204
14704
64724
51450
12872
52864
53216
16174
7630
60596
63750
10274
53268
49376
6587
3228
51532
3655
9770
11220
10749
54154
59402
9618
51084
3578
52408
3558
10058
64260
32
65200
12812
1758
52734
59590
10154
61918
55316
11966
4866
50224
2868
10882
50422
52476
4828
5218
49396
51488
12028
12782
51722
63254
51548
8832
14346
58282
3596
65530
7474
4880
54696
53316
16246
65230
4482
59096
61400
3396
3030
50884
3304
49766
50000
526
6967
10203
10761
50448
816
53887
56844
52417
4512
2724
53470
63714
1872
55250
3601
14253
12142
649
51582
4260
12142
52008
52576
11032
6884
61532
63802
363
1399
2859
3223
3589
10601
10895
11689
11947
121
2525
6591
14417
57440
61994
7794
4056
51766
244
11124
49890
13286
14214
62192
8792
53802
55246
1908
4686
58862
52006
9410
15818
53464
4704
59992
12069
1753
1838
14819
55392
57450
3848
51170
58420
408
4362
51486
2336
22480
27302
37326
17150
46244
28174
39560
48342
29374
20006
39342
19266
22476
37812
47682
18494
29314
34866
32068
19522
34026
18518
37530
25644
28640
35120
18506
37124
18610
32334
49144
21532
38108
16512
29632
32810
40740
31996
18884
40378
21218
20030
36074
24348
19710
41796
17434
27852
36530
18442
47136
16680
41290
23352
31060
36960
40152
23265
27419
27873
31675
31979
18362
36530
36696
16554
40460
43880
25668
17820
37184
19266
41252
27520
33424
36952
29664
20158
35068
42218
27834
17618
45772
19418
18520
39355
35276
30400
34386
35422
16424
33906
36820
16826
31904
37370
20072
34094
32204
16932
46644
34570
30300
31272
42308
26532
18928
38846
45366
24908
21334
39164
43344
28502
46638
42168
22724
31482
47682
30210
20192
33348
22190
24068
46986
47706
18864
31478
7876
1074
53556
49626
7792
12200
49996
64870
1264
11282
51662
376
65078
15644
1000
60766
1660
6026
52824
8256
1090
55719
61638
3350
49156
58322
6142
11261
16
63636
49472
9944
59454
61506
12876
13780
64422
49947
6794
4474
50998
54096
4488
9382
58748
7758
14994
59588
63268
14918
52484
51971
51981
9030
59044
62834
13968
10114
62358
49884
7384
58910
5960
60994
3300
52172
58910
3346
10422
52654
13422
15052
50862
51582
11902
14372
53910
8756
63588
1780
3388
61266
10052
3830
53980
49974
9112
49994
11732
57154
13278
9934
50158
4462
5378
58922
3390
15796
64726
65344
9308
50046
13354
11216
61724
54490
8814
5158
51943
56059
60079
61591
52062
605
8787
11201
16159
3383
52000
15102
51820
53748
14220
1034
50136
9724
53172
15242
11362
49778
52492
53570
15254
9022
62570
2754
5634
13760
63766
608
13678
54392
13810
1494
65450
5476
15168
50050
414
1090
65484
13826
50562
4088
13910
64870
10432
61526
1740
62504
15724
61092
56432
14902
59432
52740
1948
16360
60578
6612
8736
64020
56912
6222
5332
3426
53980
49626
7180
10628
51042
52892
12488
53330
56356
10728
10260
55412
12596
2982
51198
4584
65320
10562
49350
52650
4410
56132
5270
63860
12164
49482
55732
57162
2120
13712
57252
58672
302
50394
51746
5300
5352
55992
51854
5910
50178
51608
8734
60150
60160
4098
58101
60877
58938
59668
52409
6396
8162
49258
49642
5882
6278
63780
13022
354
55124
52660
11912
14864
53664
57876
8282
7012
51766
11684
57838
342
56728
50786
6056
65456
58584
11702
55292
55412
49448
5466
9214
57674
4440
10242
64130
51164
4036
3894
56046
6932
60412
64002
52668
8468
9344
64768
1658
1794
49452
12596
62362
51092
3334
51242
414
13714
52428
54708
13552
5270
53510
3968
9356
50334
65410
10406
15458
58128
2782
50390
59784
8144
53336
2684
224
51782
11186
57218
12902
59556
10806
65468
8986
2466
54004
16063
2244
3505
50914
50944
7108
7628
54290
3124
50784
51714
5066
15126
63756
53644
4626
8918
62976
56368
1826
49684
1544
55304
14214
56104
1430
59560
3315
5676
8387
1705
50718
5678
2058
50546
60302
9696
15472
57844
13848
15638
51214
8052
15652
50712
56912
4792
49528
49666
988
9746
49662
64300
2580
1268
53312
52384
12498
57684
64074
15168
50622
8606
62678
912
9978
51572
52260
3258
8672
18030
32448
44642
22432
35862
37312
20736
35376
39312
16974
30816
48826
24612
20352
36624
31424
44796
29796
2650
50806
56208
13866
1448
54604
56808
3496
54472
13606
14270
62846
59862
7136
7156
59280
3042
53662
122
3758
49184
53242
1574
49180
50720
10432
63656
10330
11004
52264
4314
57606
60764
8286
63994
2620
52380
7544
50040
3804
8958
58108
60818
4488
2298
61354
52180
13986
56132
6408
5308
61854
13926
64220
11748
52352
53112
14636
60362
12682
59124
63814
2234
54758
59336
9398
50610
59934
13436
14574
61570
62290
5346
55944
2306
6222
64318
8118
8994
50770
1190
51136
52824
60
58420
61388
8938
5134
51374
15738
53864
62644
9456
50897
58717
59823
53978
8362
5088
8550
60596
634
52516
11096
49428
53116
16054
51324
51954
8836
10292
51786
65084
1944
11758
51318
60018
108
3278
63090
52243
11104
56356
1330
1554
50104
5132
57482
9724
502
52666
11962
4898
61138
57516
2362
50598
10124
2938
56836
63040
16374
9448
50468
8976
2660
49556
4802
1352
63352
3976
1906
52526
2564
55104
13146
62682
49908
2144
51774
54748
5502
60292
62522
8984
2840
51112
56032
5966
30844
20116
38892
37952
26274
37144
21248
38450
31794
19252
43908
44678
48188
26932
40542
22056
46944
26114
46268
28706
42630
23330
37146
17226
27844
49108
18770
34586
23582
24994
33362
21104
38650
23926
43336
29750
42096
46644
30108
30294
42360
34056
22270
22970
25948
39912
48628
30818
17440
21548
48578
17696
42437
39418
40138
40141
40858
46169
17518
36044
46834
32480
33224
17408
24188
38172
24520
48974
38101
20002
20982
47198
17286
17508
44212
16946
35880
48600
16804
44362
24844
18210
34780
28174
32652
44970
20316
45876
31286
18618
7030
52622
2996
58712
59432
51205
51377
5712
7636
64318
54964
14204
10588
55332
6227
10714
14601
5005
56754
54870
11704
15350
62076
64974
2590
10624
63500
51918
625
9410
10743
2597
65528
8478
9448
51768
2134
2544
57786
61228
3368
52328
4174
4290
63382
15978
26126
30898
34604
34066
18338
18164
34318
32180
33210
21684
30982
40880
36068
29342
38152
18556
29876
38920
21288
43202
45442
24798
35232
28456
29176
42026
24020
16876
41920
19642
46486
47094
26966
31020
34946
44826
25130
27828
46704
31018
32748
46908
18638
28366
20188
34856
41733
45143
24010
37782
48602
28250
28228
43696
29150
25472
29870
34732
32128
19280
42894
23204
43517
46045
48342
26034
41134
42190
32404
37974
18194
20736
38308
20042
20282
34972
36062
24776
29214
43084
19678
38344
43862
19756
34668
20168
27828
28186
45048
37084
19400
22920
28142
36668
40434
30248
46068
48188
23926
28296
32081
41854
43344
30140
38384
41284
17578
29858
34480
17778
21216
37596
21020
36390
37578
17800
29162
39986
35156
21884
25536
40050
47810
23102
37290
23440
32758
46596
35962
17468
44744
23332
40452
19446
32884
48250
23446
18546
43432
47708
30368
32540
37404
28316
4558
61386
57674
5300
15234
52859
64572
53638
3346
9012
15044
51264
6766
60260
56184
4408
6586
50194
54524
14624
354
60764
7932
784
65030
3386
64612
54496
2386
12502
57264
61010
1024
50126
51036
2590
51938
10450
4380
64974
1152
4622
52886
50516
694
64371
64452
2384
49194
51098
3370
1114
63306
2042
12424
56356
61062
4960
51526
55166
1456
5416
60258
11356
5150
53432
53660
5572
49448
14024
49383
61305
51000
15028
57256
57318
5806
53468
57330
9844
11312
52892
51738
8994
59392
1928
3822
63780
14978
52600
53970
4604
5030
58932
56258
10306
11490
56122
52986
3204
14766
51384
11356
2558
62628
56460
6332
6866
14064
19790
37622
16388
43306
17154
23664
40260
20696
21664
31146
43068
47288
25208
31836
35096
43606
23414
47368
29974
32142
36928
39058
27338
24972
34574
21434
26002
39236
44956
19244
19870
43718
25198
18238
28380
43708
25042
30192
35924
25716
29632
39838
40368
19464
34946
17391
16955
27095
30195
17390
17831
44536
31424
34566
48110
31008
36740
48974
28226
44748
35584
24398
31424
33432
45964
47374
18280
28874
36236
37880
21334
48556
34980
17770
22392
39418
22060
21198
47924
37648
20590
19782
48180
22916
29326
35540
26898
23794
48304
25712
42424
31900
48806
19624
46532
45622
30210
18564
34316
19730
44256
44276
25502
16644
35078
29466
39418
34284
21090
17232
48120
23746
38010
