3868
15660
63460
50202
16301
1665
15019
52582
62286
64506
1361
2199
5121
5571
9837
699
3915
5545
64758
50342
54212
11591
1662
4587
50778
54760
9932
11551
11749
12657
277
52216
6346
58354
2861
7831
8133
8263
8953
1991
13993
3828
63742
65118
65402
7645
11063
4306
58144
64586
58020
914
50866
59010
6508
1795
49234
53984
52388
12440
10039
62160
56458
7799
8531
14691
16208
2439
55666
58592
5623
12519
14149
14334
15081
56658
49756
44550
38208
39282
41210
48808
16527
30798
40466
40774
19131
20611
27961
32162
20169
21233
25825
48374
21321
22429
30619
31781
31791
32099
32167
17903
25127
25521
30095
41076
17006
17416
19027
28359
44022
32970
17305
19131
24627
26889
27061
29499
31023
20457
22997
23577
32085
16847
21129
21391
40068
43406
33384
17056
42780
42622
21367
28469
16525
33680
28944
31517
32052
37148
34942
31139
17436
21669
37350
38330
22300
25794
40706
16627
27439
30691
32627
16833
18089
26295
28727
17233
18879
34494
22710
25580
21602
48370
31137
22785
24461
26229
31355
19315
34952
35914
41892
33210
17312
38732
29708
40430
19419
24169
22845
28644
34224
44416
17599
21789
24293
26243
30107
32039
32213
16875
17499
38520
27562
47250
27258
31233
38348
47048
24591
17520
29159
17971
46196
40386
32944
18924
23562
25394
35578
38816
29012
29163
40618
42008
26654
43552
18919
22481
17980
35408
16748
36756
39124
20551
16941
16942
18029
21307
44132
33180
17393
25159
25529
17555
20123
20143
31553
34248
25863
30584
35398
40992
16599
18211
21285
28297
18409
20457
21345
25443
29519
29705
30717
31759
38192
18952
26821
19915
26163
29621
48330
34976
31298
32988
39256
16755
16895
18275
19559
19935
22777
24045
27563
21949
24557
28967
30669
31851
32203
19829
35108
36434
44076
25160
20326
30820
45474
47002
27074
16946
40082
42062
38482
23651
21918
23209
42788
44682
19548
17360
19519
28592
37196
43272
27854
28754
36092
38542
21328
17518
39790
33546
46690
48836
21697
27489
28637
20499
23801
26771
28203
29505
17591
18761
41076
36206
18158
41440
33736
25843
29632
18919
44138
38786
39298
31103
28811
32039
43688
39340
16400
16772
18057
16659
17232
44958
34016
30952
21756
37972
36710
18154
21261
44154
17667
29378
16401
18461
20779
35348
48864
18054
35558
36138
37914
20190
16837
25833
31305
33126
43136
21651
28052
20515
37738
42874
47320
24456
35774
46270
23281
27563
30951
31411
20651
23155
20439
46348
16624
34498
37732
38206
45568
46390
19815
20261
22895
25845
27751
28261
24795
26729
30231
30615
33100
33488
19890
43870
37502
21896
19413
39770
34236
36102
27900
39204
41632
49070
29624
34052
39150
24070
37744
29962
17807
40540
43760
18428
35688
18120
49010
21250
34186
38092
19791
17675
19758
34726
37082
37330
17989
19721
22887
29527
29695
29711
23901
25823
47266
44864
33186
21550
38418
17487
21032
30193
27103
29569
36242
44226
35770
25129
29724
16940
45818
28358
48608
32335
18889
21435
30970
36048
38366
21685
24899
27175
16725
21825
31329
32531
17991
20179
21607
42700
35254
18868
42530
32840
36722
20147
24297
21280
47846
39678
24568
19026
48224
43228
31226
45362
33318
23008
27139
16437
19209
37424
44712
21074
38862
39826
42628
18751
27277
31639
17351
37016
47598
18335
25221
26423
25783
26477
17691
20361
35600
18083
20429
22403
23213
23283
23331
25805
30971
20923
22947
23473
24471
16819
32770
33246
23929
30483
31093
26755
27943
31623
31827
17211
19077
20615
34176
38082
30273
31477
19655
19729
26504
28477
30127
42316
46990
19861
21231
31338
21149
33038
17211
17440
42266
48412
24190
48636
37180
17755
18985
26669
32657
22009
26137
29633
29777
32475
16659
20633
48244
37852
39364
39930
42596
34692
23575
29355
31893
17513
28477
29071
19033
20309
46952
8906
5204
51469
51993
55477
56031
60277
59937
61337
64207
53107
2052
49845
53448
2484
7076
62807
50356
50977
57207
11932
3862
51104
6550
6092
50107
64344
4342
63755
64818
9160
57891
49213
49681
57753
60963
53805
8206
4240
50475
61737
62431
52299
57641
58071
61807
50375
52825
53475
1580
6442
63034
50331
14546
7962
52063
59579
60177
62863
50849
56083
57820
61273
51947
52277
1752
16184
55383
64562
58225
58361
8058
3238
65334
3878
51400
8546
64090
15498
54670
5864
15694
52650
12380
2262
54556
57070
4510
11532
52996
58018
7320
64549
52982
5336
15804
56010
63055
2764
3480
52232
52552
0
1922
15388
50476
7660
40
59815
61047
62945
59359
8886
10198
10600
63789
65024
50057
12702
51880
16242
53370
65006
754
65510
4816
8942
9922
49179
60460
63207
11994
7110
51143
55378
1350
58118
1684
9878
60446
60630
5470
13488
548
52426
58853
49288
14676
62284
3034
5802
14786
54013
49608
14244
3402
62778
10600
1650
58763
50682
4814
5410
52033
54127
57361
56717
58493
60177
49567
2516
12552
15562
3270
61237
62831
16236
30752
19084
37138
42910
20384
35619
44791
45725
48781
35113
37663
34675
27942
33637
34499
39493
46495
38023
40311
47123
36499
17604
18446
21480
45823
41114
43820
24274
19832
48574
39352
30372
21672
45167
34267
34365
37929
41219
43223
43397
44233
24082
29738
36960
45482
48162
31834
21212
37265
38973
40181
41475
33131
41805
48825
16434
18938
17628
34936
40936
19690
38310
24224
17532
47798
21204
28624
36654
35280
31674
19582
49104
34396
27610
31776
21700
33367
44830
16564
19078
6068
53151
54549
58667
62153
54837
55497
55925
58049
64349
51677
51785
52345
53005
54339
54425
54495
13980
5066
54490
604
648
51061
54253
57729
60081
50709
50839
58407
49939
53635
1090
1480
448
1744
51865
52009
53469
54057
57681
59569
49607
50237
51657
52447
54435
2840
49880
890
50992
14460
52099
60500
4734
5308
54818
54164
3010
9088
51192
53805
65109
54284
2076
5316
54829
62545
50081
55623
62679
63809
64535
52829
54381
4450
14088
15006
58168
60458
1844
4390
1118
59137
63497
64619
51587
52587
56601
61135
64657
12316
13166
50405
54901
54943
58745
60746
65529
4558
12788
58144
7222
4874
53239
61809
52721
55817
56253
58865
62185
53169
10140
14420
15684
946
60790
1308
1396
52853
52917
55619
57143
49533
51723
58101
58871
61729
62827
64089
15182
58909
58966
49695
1602
51910
54717
62945
13732
7612
4640
56791
52185
55448
12310
942
52644
2812
4538
10390
54452
8390
11722
59286
57550
50590
50850
8356
13364
50486
4410
9064
4004
58368
60323
50145
2130
12222
9418
55668
5300
60756
5406
8830
16248
49665
58935
63032
63761
1222
7212
10926
63161
51506
15062
49390
65229
4080
14732
57051
63654
63685
53737
3582
61250
11554
1524
2208
59085
59479
60807
50445
50799
53797
57543
60741
64903
50155
52731
7608
13180
50132
55099
60497
1972
4816
61122
49356
2922
60755
53114
1904
7204
60756
52948
3450
5404
14470
50744
1670
18
61840
61820
54483
1448
57266
770
8484
58882
53196
6832
1836
51632
65218
8382
13770
14114
10010
50264
63855
52998
4018
12422
53024
60396
5370
10288
54333
56077
53995
54909
56247
61643
52341
1804
49432
51330
