2637
4221
5941
5951
5961
6661
6671
7391
7401
10051
10061
10771
10781
11501
12221
12231
14501
1065
1785
1795
3875
4575
4585
4595
5305
15219
65136
53040
10141
10151
6355
6375
6557
6567
7277
7307
8007
8767
10227
10685
10917
10947
11647
13037
13767
14477
15137
15167
15227
15907
15927
15937
253
903
973
1623
1643
1653
1693
2333
2363
3063
3713
3783
58406
59510
49976
8761
9471
10181
14689
15419
5119
8495
8505
9205
9215
9225
9895
9905
9915
9925
9935
12327
13037
13057
13067
13787
14477
14487
14497
14723
15187
15197
15207
15217
15907
15917
15927
213
223
233
243
253
273
933
943
953
963
973
1653
1663
1673
1683
1693
2373
2413
3083
51396
3611
3621
3631
4301
4321
4331
4341
5031
5061
5731
6421
6473
7841
7851
7871
8591
9301
9321
10021
10031
10051
10751
11451
11471
11481
15081
15091
15781
847
857
9487
10157
10867
10887
11617
11627
16355
63848
58122
7659
7849
7859
8569
8579
8589
9309
10953
11935
12597
15019
6827
7583
13509
15737
56770
111
121
131
821
1531
1551
1561
2251
2261
2951
2961
2971
3001
3681
3691
3721
15613
3835
3845
4555
5265
5275
6015
12425
12615
12625
12635
13345
13365
14065
14075
14785
14795
14815
15495
15505
16265
16275
561
611
621
51822
56044
63158
853
7649
8681
10111
10121
10831
10841
15253
3137
3817
3827
3837
4081
4537
4547
4557
4577
5257
5297
5847
5987
6017
6747
7277
7427
7437
7447
7457
8177
8187
8907
9617
9627
10317
10347
54388
8589
15041
15751
15761
87
97
807
1527
1537
2247
8917
9637
9667
10367
10417
10427
11097
11107
11117
11137
11827
12537
12547
12557
12587
13267
13277
13287
13307
13317
13327
13987
13997
14007
14027
14047
14747
14767
14777
15447
15457
15477
15487
15497
16177
16187
16217
16237
513
533
543
553
573
1253
1263
1273
1283
1293
1953
1963
1993
2023
2033
2693
2703
2733
2743
2753
3333
3423
3453
4153
4163
4173
64614
56764
10869
10879
11117
1237
1247
1957
1967
2737
2857
3407
3437
3457
3567
4137
4147
4157
4857
4877
4987
4997
5255
5567
5577
5587
5597
5697
5707
5717
5727
6297
6437
7887
7897
12779
60726
63236
9397
10117
15557
3255
4695
7579
9075
9429
15439
655
2345
3685
55678
55928
56040
1097
9075
3441
6637
7357
8077
8767
8777
14647
15217
15367
15377
15407
15937
283
295
473
483
983
993
1163
1703
1713
1923
2403
3103
3143
3833
3853
5313
57166
56726
56910
3933
10595
15359
16069
16079
16089
16117
16167
405
425
493
503
1115
1125
1135
1145
1845
1855
2545
3275
6931
453
1163
2225
54644
60122
63964
3299
11501
14381
15791
15811
15821
847
2307
2327
3027
3699
3737
3747
3757
4457
4477
4487
5177
5197
5897
5907
5917
5927
6637
7337
7347
7357
7367
8047
8067
8719
8757
8777
8787
9507
10197
10887
10897
10937
11607
11617
11627
12357
13067
13077
14477
14487
15217
15227
243
263
3879
51768
59734
1151
4401
4431
5131
5851
9369
9409
10099
10119
10129
10159
10809
10839
10859
10869
11079
11549
11589
12279
12979
14419
14469
15149
15159
15899
15909
235
945
2617
3337
52688
54880
581
591
611
661
1301
1341
1361
1371
2021
2031
2041
2051
2071
2731
2741
2761
2781
2791
2811
2821
2831
3471
3491
3501
3511
3521
3531
3541
3551
4181
4191
4201
4211
4221
4241
4261
4271
4931
4941
4951
4971
4981
4991
5651
5661
5671
5681
5711
6401
7121
13065
14615
2783
5955
15721
54312
655
5291
5301
9821
10531
10541
11241
11251
12701
14151
14171
14891
15969
16311
16321
657
1407
2127
2137
5383
7877
7887
7897
8587
8597
1075
51216
58198
60450
1851
1871
1891
1901
2581
2591
2601
2611
2621
3281
3291
3311
3321
3331
3361
4041
4051
4061
4091
4101
4131
4761
4771
4781
4791
4851
5481
5521
5531
5541
5571
5581
5591
5601
5611
6281
6291
6301
6331
6341
7021
7031
7041
7061
7071
7721
7731
7741
7751
7761
7771
7781
7811
8431
8451
8471
8481
8501
8521
9211
9231
9251
9931
9951
9961
9971
9981
3729
5977
1035
65464
52894
50220
273
343
12707
15373
16233
1341
3065
3785
4029
4505
4759
5107
5235
5245
5255
5955
5965
5975
6675
6685
6695
7405
7415
8135
8145
62466
59402
5037
15151
15851
15861
15871
15881
187
197
207
217
917
927
937
3107
4527
5237
5247
5257
5977
6687
7387
7407
7427
7437
8157
8857
8877
9577
9587
9597
10277
10287
10307
10317
10327
11019
11037
11047
11057
11727
11737
11757
11767
11777
12457
12467
12487
12497
12517
13197
13217
13237
13917
13927
13947
14627
14637
14647
14677
15417
16137
1933
3363
3373
3383
4103
4113
4163
4777
4803
4813
4833
4883
4903
56398
50260
2581
3291
3311
3331
3351
4071
4101
4811
4821
5521
5541
6261
6271
6981
6991
7001
7701
7711
8421
8431
9151
1325
2107
3065
3785
4505
5245
6675
7395
7415
8105
8115
8135
8845
10985
10995
11005
11725
11735
12425
12445
12465
13155
13185
13499
3281
51486
65440
1431
4253
4271
4991
5091
5701
5711
5791
5821
6401
6421
6431
6441
6451
7121
7161
7171
7891
7901
8581
8591
8621
9301
9331
9341
10041
10771
12211
12931
13641
13651
13661
14381
15111
15465
3975
771
1481
1491
1501
50618
57562
651
4871
4881
13069
13779
13799
14509
15229
15939
15959
6331
7781
9507
9517
10217
10237
10937
14607
14617
15327
15337
15347
16057
393
403
413
1133
1735
1843
2553
64022
51016
421
431
441
1131
1141
1151
1161
1171
1881
1901
1911
2631
4143
6787
12567
16157
531
4523
15767
15777
15835
15845
1747
51204
1231
1941
1951
2651
2671
7771
8491
8501
8521
9201
9211
9231
12101
12111
12121
14281
14311
67
97
4399
5089
5809
6955
6965
7147
9125
14285
59472
49644
5309
5319
5339
5881
6039
6729
6739
6837
7449
10667
10681
10691
11863
4821
5541
8947
8957
9677
60364
59648
661
671
1361
1381
2071
2111
2121
2291
2841
3551
3561
3571
3741
4451
4881
10881
10891
11591
11611
7685
7865
8575
9795
9865
10535
10545
10565
11275
11325
11965
11995
49238
53972
5609
5629
6117
6127
6137
6837
7547
7557
7567
8267
8287
8297
8307
9007
9017
9027
9047
9057
9687
9717
9737
9747
9777
10447
10457
10477
10497
11147
11157
11167
11177
11187
11247
11257
11877
11897
11907
11967
12435
12607
12687
13175
13185
13337
13357
13367
13895
13905
13915
14077
14087
14615
14625
14635
15365
15375
16085
16095
867
59866
49652
69
149
799
849
869
879
1469
1479
1519
1529
1539
2229
2249
2259
2979
2989
3679
4389
5839
7269
7289
8009
8535
8669
8679
8699
8709
8719
8729
9389
9399
9419
9429
9439
9449
10109
10159
10169
10829
10869
10879
11559
11579
11599
12269
13079
1127
8491
49550
4949
5409
5461
5491
5669
6211
9387
12227
12237
12247
12917
12927
12977
13627
13667
14347
14357
14387
15057
15067
15767
15787
15797
103
113
143
315
2823
3613
4293
5003
5033
50142
62758
55440
51538
9121
9131
9851
9861
9871
10561
10571
10581
11291
11301
11311
12011
12031
12731
12751
14881
15581
15591
15601
16321
16331
657
667
7157
14445
15165
15175
15885
15895
81
241
781
791
831
911
921
1491
1511
1521
2251
2261
2271
2281
2941
3071
63138
63312
49976
1867
11405
14945
2555
2565
3275
3995
4715
4725
5119
5425
5435
5445
5455
10041
10485
10495
10623
11215
3187
59926
55342
121
171
181
191
231
261
271
391
411
441
861
891
901
931
951
961
1121
1131
1581
1611
1651
1671
1841
1851
1861
1871
2301
2311
2381
2581
2591
3011
3031
3041
3051
3061
3071
3281
3311
3321
3701
3721
3731
3741
3751
3791
4031
4041
4421
4441
4451
4461
4471
4511
5131
5171
5851
5861
5881
5891
6571
6581
7321
9411
9889
9073
2097
60526
4357
5127
5137
5837
6477
6557
6567
6587
7277
7287
7997
8007
8717
8737
9367
9387
10077
10877
11497
11527
12187
12227
12907
12927
12967
12987
13617
13627
14337
14347
14357
14367
14397
14417
15017
15027
15037
15717
15727
15737
15757
15767
15777
15807
15817
15827
73
83
93
133
743
763
813
823
853
863
873
913
1453
1473
1483
1513
1543
1553
1613
1623
2313
2903
2913
2953
3013
3643
3653
3683
3693
4343
64264
64614
57814
7965
14001
14711
14889
15511
15521
16231
16241
557
567
577
587
1317
2195
2205
3635
4345
4859
4947
5667
9363
12221
61088
64872
1347
3145
4149
4159
9631
10311
10321
10331
11031
11051
11751
2691
3421
4039
4131
5489
8771
10815
63784
51870
5813
7189
7909
8805
8815
10235
10965
11685
14435
14455
14465
15165
15175
15905
27
251
961
971
1681
1931
1951
1961
1991
2661
2671
2681
2711
3391
3401
3411
3431
4081
4091
4121
4131
4141
4151
4791
4801
4811
4831
4841
4851
4861
54654
2315
2369
3079
3089
3099
3809
4509
7171
7181
7881
7891
7901
7387
7417
8107
8127
8137
8857
8867
9597
10317
11057
11777
12507
12517
12537
13217
13247
13927
13947
13957
13967
14657
14697
15377
15387
15407
16067
16157
493
64866
51110
9875
15679
5
15
725
745
1037
1747
1757
4131
5643
6951
7323
7487
13001
4421
4431
51598
50196
54182
7825
11341
14727
14981
15145
1537
6973
7741
14917
14927
15897
63
243
933
943
963
57802
65426
291
301
981
1001
1121
1141
1161
1711
1721
1771
1871
2441
2501
2561
2591
2601
2641
2661
3291
4001
4041
4091
4761
4851
4861
4871
5451
5481
5511
5581
5591
6171
6311
6911
6931
6941
6951
7021
7661
7671
9211
9241
12021
12751
10835
1311
50412
51748
5881
6591
6601
7311
8917
9171
9441
9891
15139
15869
15879
195
205
915
10199
12309
1535
4635
5355
52250
62028
51280
53736
7481
7491
12033
4793
5225
8301
9555
10275
10285
11005
11715
12425
12455
12465
14615
14635
15335
15355
15365
15375
16065
16085
16095
16105
67
391
401
411
441
451
1101
1111
1121
1141
1151
1161
1171
1811
1821
1831
1851
1861
1871
1881
1891
2541
2551
2571
2581
2591
2601
2611
2621
3301
3321
3331
3341
4021
4031
4041
4051
4061
4711
4741
4751
4771
4781
51812
59710
8481
12529
13239
13259
13269
13979
13987
13989
14679
14709
15409
15419
15429
2565
3285
4005
4865
4875
5445
7625
8345
9055
9785
11235
11975
1593
2863
2963
2973
2983
3693
3703
4383
4403
4413
4423
5073
5083
5113
5123
5133
63354
64492
91
143
201
221
231
271
861
931
971
981
991
1001
1651
1681
1691
1701
1711
2351
2361
2371
2381
2391
2777
3071
3091
3101
3111
3771
3791
3821
4461
5181
5831
5871
5881
6561
6611
6621
7281
7291
7301
7321
7331
7991
8021
8031
9451
5237
11217
54934
51210
53472
3667
8349
9029
9039
11719
13397
2347
5977
12947
13667
14307
14317
14327
14337
14347
15027
15047
15057
15067
15077
15747
15757
15767
15777
15787
15797
15807
15817
15837
73
83
93
113
123
143
153
163
793
823
833
1533
57570
5647
10941
10951
10961
10981
13605
15261
15271
15981
327
1037
1757
2477
3755
5915
5925
5935
6331
6635
7355
7365
7375
10945
11675
13225
15087
15097
49854
435
1519
7235
7975
8635
8645
8665
8685
9345
9365
9375
9385
9425
9435
10075
10085
10095
10105
10145
10785
10915
11455
11465
12175
12195
12305
12315
12325
12885
12895
12905
12915
13015
13625
13635
13645
15055
15213
52984
53798
51656
1403
2411
3101
5891
6591
6611
7281
7301
7311
7331
8031
8751
8761
9069
9451
10161
10171
10871
11949
11959
14981
6423
6905
7605
7625
7635
8335
9895
63462
50518
10989
11669
11679
12389
12399
13119
13129
13139
13149
13849
13927
14599
1635
10257
10267
10977
14415
14425
1103
1813
1823
2543
4883
4893
4903
4913
58812
50968
895
1637
3765
4485
4495
5195
7247
13147
13157
14067
14077
14787
14797
16067
1041
2481
3201
3911
4631
5331
63016
49788
51984
1781
1791
1801
3623
5831
5841
6551
6561
14743
15463
16143
4369
9101
9821
14637
15367
15377
433
1153
53752
53310
53828
11667
12095
12257
15555
235
1179
12525
15097
93
103
113
123
133
347
823
833
843
853
1533
1543
1563
2263
2273
2283
2973
2983
3003
60096
7519
8329
15419
15429
16139
16169
16179
267
277
3137
3867
5307
5317
6465
6475
7175
7185
7195
7215
7225
7915
7935
8645
9345
9365
9375
9385
10055
10065
10085
10095
10467
10785
51888
57612
15821
16163
847
9243
10539
13717
14427
14447
14467
15137
15147
15187
15897
183
203
223
903
1633
1653
1673
2353
2383
2705
3073
4173
4183
4193
4203
4923
52550
55470
2481
13061
14687
2621
3065
3185
4505
5945
6665
8105
8825
9545
9837
9847
11723
12435
13175
13185
13875
13885
13895
13905
14615
15315
15325
15335
15345
15355
15365
16055
16085
16095
411
51378
50584
12459
15999
345
1765
5159
6995
12337
13037
13047
13689
13727
13767
14487
14497
15827
15837
15857
15867
15927
173
203
223
1573
2363
2955
3023
3053
3063
3073
3083
3685
3773
50420
51964
4381
4391
5091
5101
5111
5121
11561
11571
11581
13339
15029
15739
15749
15759
15769
85
95
105
795
835
1505
1515
1525
2225
2975
7211
8685
10115
10145
10845
10855
11565
11575
11585
12275
12325
13005
13715
14445
58490
64866
65180
109
2317
3027
4447
4457
6617
7277
7327
8107
8707
8727
8757
9437
10177
10877
11017
13207
14697
15367
15377
15397
15417
16117
16137
463
1173
1923
2613
2623
3323
3363
4053
4383
4403
62166
1
11
51
71
741
751
761
781
791
801
1481
1491
1501
1521
2191
2201
2211
2221
2231
2241
2251
2921
2931
2941
2961
3631
3651
3661
3671
4351
4361
4381
5781
5791
5801
5811
4119
9065
10893
13665
91
101
781
791
811
821
1351
59472
50430
825
12547
527
537
1247
1319
3045
3055
3389
3755
3775
4475
4485
4495
5175
5529
5905
5935
6615
6625
7375
8075
9515
10235
11695
12415
13135
13457
13825
13845
15265
15275
51070
55734
57570
64060
611
661
691
1331
1361
1381
1411
1421
2011
2071
2111
2131
2141
2731
2761
2781
2791
2801
2811
2871
3381
3511
3521
3541
3551
3561
3581
4111
4181
4191
4201
4211
4261
4291
4311
4841
4861
4881
4901
4961
5021
5671
5731
6391
6411
6451
7001
7101
7111
7741
7811
7841
7851
7871
8541
8591
9261
10741
10751
11441
12851
12861
13581
13651
13475
62074
49182
15709
1495
2235
4395
4405
5863
8489
10977
10997
11737
12467
13147
13157
13867
13877
13887
13897
13907
14587
14597
14607
15297
15307
15317
15327
15337
16027
16037
16047
373
383
393
403
413
1083
1113
1133
1823
1843
1863
1873
2393
2523
2543
2583
2593
3103
3313
3323
3833
3993
4003
4013
4023
4033
4043
62128
2459
2509
3179
10771
13651
14341
14351
15061
15081
15801
147
2297
3757
6647
7317
7367
8027
8087
8757
8767
8787
8797
9487
9497
9517
10227
10287
10947
10997
11007
11717
11737
13187
13917
14637
15357
16097
423
443
453
1153
1163
1173
1183
3943
49668
49580
59406
7701
8431
9931
10041
10651
10751
10761
11461
11491
11501
8505
8525
9215
9225
9235
9245
9945
9955
9965
10937
10947
11657
12481
3133
3143
3853
5245
51286
54958
53956
6589
7299
7999
10869
11559
11915
12279
3541
7507
7517
8957
8987
9697
10377
10397
10427
11117
11127
11147
11157
11827
11837
11857
11877
12547
12557
12577
12587
12607
12667
13277
13337
13377
13397
14047
14067
14087
14097
14117
14807
15487
61018
62456
52124
54730
4341
5071
5781
7231
7251
7931
7951
8133
8671
9391
10801
11521
11601
12301
15141
15151
15861
207
1617
1637
3087
4113
4517
5247
10035
10785
11345
11465
11475
11485
12165
54660
53572
60428
3007
3767
6083
15741
67
77
87
411
777
787
807
817
1497
1507
1517
1675
2227
2237
2917
2927
2937
2947
2967
3647
3667
4377
4387
5087
5097
5107
5817
5827
6527
7257
2341
2351
2361
3061
3071
3781
3791
62314
63558
52708
9789
11239
11305
787
1507
1517
4617
5337
6037
6047
6057
6067
6747
6767
6777
7487
7507
8207
8217
8879
8917
8927
8937
8947
9447
9457
9599
9647
9657
10167
10177
10877
12491
53222
59402
1019
1029
1859
5337
5887
2559
5237
5957
13451
2403
2413
3123
3133
3143
3843
3853
3863
3923
3933
3943
4563
4633
4653
4663
5273
55964
62304
2135
6127
7211
7221
7931
541
1485
1495
2945
2955
3665
3675
4395
6733
9285
1847
2793
2803
3523
58600
51432
3841
3851
8213
10725
13479
13609
14339
2505
3205
3215
3225
3935
4665
6591
13631
2329
64604
51012
50348
7157
7167
7867
7877
8577
9287
10477
10687
10707
10747
11407
11417
11427
11437
11447
12057
12077
12097
12137
12787
12797
12817
13725
13735
14157
14167
14445
14455
15165
15175
15185
15875
15895
211
221
3455
4363
53872
57424
51860
7191
7911
12951
13661
13671
15101
15801
15831
4447
4467
4477
5187
5343
5917
6607
7327
7337
7347
8077
8757
9517
10207
10217
10227
10927
10937
10947
11607
11647
11657
11667
11677
12367
12377
13087
13097
13107
13747
14497
14557
14567
15187
15937
233
273
1613
1693
1703
1723
2413
3083
3143
3713
3723
4413
4423
4433
4443
4453
5133
5163
5173
5203
53712
1537
2997
5877
6607
6627
7297
7307
7337
7347
7997
8027
8087
8787
8797
8807
9457
9487
9497
10227
10907
11627
11657
11677
13107
13117
13807
13827
14537
15227
15237
15277
15287
15377
15907
15947
263
323
973
993
1053
1653
1713
1723
1733
2413
2443
2483
3073
3083
3093
3783
3813
4585
4653
53412
4031
4751
4781
5471
5481
5491
5501
6201
6211
6221
8281
8991
9031
9721
10461
4183
4425
5145
5155
5865
5875
6575
6585
6615
7295
7315
7325
8015
8035
8045
8745
8755
8775
9455
9465
9475
9485
10155
10175
10185
10195
10885
3407
4137
62172
51716
52116
977
1423
2143
5683
6403
7441
2475
4183
14215
14225
14235
871
881
1611
4017
55972
65034
4297
5559
5649
6269
6279
6979
6989
7079
7539
7709
7799
7809
8047
15279
15289
5209
5929
9275
9295
9985
9995
10015
10725
64472
3729
3739
4559
5889
6729
157
877
1607
2307
3007
3027
3037
3737
3757
4467
8057
8067
8787
11747
13937
14667
15347
15367
15907
15927
1173
1683
1693
1883
3103
3123
3313
3323
3343
4043
58918
61684
53238
2711
3421
3809
4171
4181
4861
4871
6311
6341
6371
7081
7091
7781
8531
9251
9971
9981
9991
10021
10711
11441
11451
12181
12741
15081
1507
2237
2247
2641
2957
3657
11131
52318
57444
62646
1231
2001
2011
2021
2041
2701
2711
2721
2751
2761
3431
3451
4881
5591
7213
825
1565
2265
2285
2295
2985
3015
4325
6525
6535
6545
9895
10811
58282
63448
53514
2781
2791
3511
3541
4241
4951
4961
4971
4991
5001
5661
5691
6381
6391
6401
6411
6421
6431
6441
7091
7101
7111
7121
7131
7141
7151
7171
7821
7831
7851
7861
7871
7881
7911
8531
8561
8581
8601
8611
9241
9251
9261
9301
9321
9331
9341
9351
10011
10021
10051
10061
10751
10761
10771
10781
11441
11451
11461
11471
11481
11491
11501
12181
12191
12201
12211
12221
12891
12911
12921
12931
12941
13621
13641
13661
14165
14341
14361
7505
8235
8245
8965
9955
54512
14725
2917
9377
9387
10077
10807
11507
12257
12967
12977
13007
13577
14277
14287
14297
15007
15017
15127
15877
15887
15897
15907
223
233
933
1653
2333
2383
2403
2801
3063
3073
3693
65454
50834
63854
15121
15891
187
733
2377
2387
2397
2427
3067
3077
3117
3127
3137
3777
3797
3807
3837
3847
4517
4567
4577
4765
5237
5277
5297
5967
5997
6037
6657
6687
6697
6707
6747
7387
7397
7417
7427
7447
7457
7467
7477
8107
8147
8167
8197
8817
8827
8847
8857
8867
8887
8907
8917
9567
9587
9597
10257
10267
10287
10307
10327
10337
10997
11007
11017
11027
11037
11047
11057
11067
11077
11737
11747
11767
12447
12457
12477
12487
12497
12507
12517
13207
13217
13227
13887
14627
14647
14667
15459
1933
3473
64586
65416
49876
2249
2259
2269
2969
2979
5829
6223
6549
10775
14397
16303
1397
1943
2117
2837
2857
3557
3567
3577
3587
4277
4287
4297
4987
4997
5017
5027
5707
5717
6437
6447
15727
50464
52724
53430
4821
4841
15119
1355
1613
1661
2055
2065
2075
2085
2651
2775
2785
2795
2805
3485
3515
4569
4945
9677
2715
59472
49580
10119
10839
10849
11549
11559
13671
14381
14391
15111
15801
137
157
867
877
887
1557
1587
1597
1607
2277
2287
2297
2307
2317
2327
3007
3027
3717
3737
3747
4477
5167
5177
5197
5897
5917
5927
6279
6597
6607
6637
6647
7913
8007
8087
8737
9457
9487
10167
10177
10187
10217
10887
10907
11617
11637
12337
13027
14457
15167
60556
54034
54934
63600
421
451
1181
1191
1871
6333
6343
7053
7063
7073
9377
10807
10817
11527
12947
12967
13667
13677
14387
14397
15087
15097
15107
15117
15737
15797
15807
15817
15827
15837
73
103
133
153
379
873
3037
59574
53240
53108
433
505
585
2391
3821
4551
5657
5677
6367
7087
7107
12193
5785
6495
14703
50138
55964
4717
5241
5251
5941
5961
6641
6661
7381
13329
13885
14049
14759
14769
14779
14789
14809
15509
15529
16219
16239
16249
605
1201
16163
783
793
64254
49670
51120
9833
10041
10741
10751
12181
12469
13189
14589
2277
3727
5177
5877
5887
6597
6607
7307
8037
8727
8757
8767
9447
9457
9467
10907
11597
12327
15773
3679
50556
59780
53434
4789
6239
6259
6289
6969
6999
7749
9189
12271
705
907
1415
1425
2397
2407
3067
3077
3107
3867
5237
8877
10307
10337
11747
11777
11787
12477
13217
13947
14667
15397
15907
63806
63998
64246
53330
743
1815
7503
15549
16229
565
1285
1965
1995
2005
2685
2705
2715
2735
2765
2775
3445
3455
3475
3495
4105
4115
4125
4155
4165
4215
4825
4875
4885
4905
4925
5565
5615
5655
5665
6265
6335
6355
6365
6375
7095
7765
7775
7785
7795
56280
54934
60972
31
1851
5021
9749
4377
5817
6527
6537
7977
7987
7997
8657
13225
13945
14347
95
113
2983
2993
3643
60602
551
591
601
611
621
1261
1271
1301
1311
1321
1331
1341
1351
2001
2031
2051
2061
2071
2081
2751
2761
2771
2791
3471
3481
3491
3501
3511
3521
3541
4201
4211
4221
4231
4241
4727
4931
4941
4951
4961
4971
5651
5661
5671
5681
5701
5711
6381
6391
6411
6421
6431
7091
7101
7111
7121
7131
7831
7841
8551
10021
12513
14525
6299
9251
56240
52774
54538
991
1671
3121
3851
3961
4641
4651
7551
8391
9379
12361
13061
15953
8459
13845
14545
14565
15255
15275
15985
15995
16005
281
291
331
351
1001
1011
1021
53514
55062
291
361
991
1101
1111
1131
1545
1651
1661
1711
1721
1731
1771
1801
1821
1861
2401
2411
2421
2431
2441
2581
2591
2601
3171
3211
3301
3321
3351
3821
3891
4531
4541
4751
4771
5441
5481
5501
9931
10651
5965
7445
7475
8175
8185
13915
52482
59022
1541
13645
15761
2189
3027
3047
4507
4517
4605
5325
5957
6055
6765
7495
9457
9467
9477
9487
10197
10207
10917
10927
11627
11637
13067
14507
53268
59750
1009
1749
4263
4993
5023
975
10731
12635
12947
13355
13427
13667
13677
14075
14085
14095
14147
14157
14857
14867
14877
53878
54000
6941
7641
7651
9811
11301
11963
13441
13481
14171
14891
15601
15631
687
697
1417
2147
3567
3587
4277
5017
5717
5727
7897
8587
9327
10037
411
1841
2581
2591
2601
3265
4061
4781
4791
56558
62848
31
51
71
91
293
561
741
751
771
811
1441
1451
1471
1481
1491
1521
2161
2191
2211
2231
2881
2901
2941
2951
3631
3661
4351
5791
6501
6511
9079
455
7465
7475
8905
8915
3815
49876
2941
3661
4381
4391
5111
5811
5821
5831
6541
6561
7221
7971
8661
8671
8681
8691
9381
9391
9411
10101
10131
10193
10821
10841
10851
10861
11551
11571
12261
12281
12971
12991
13369
13379
14109
15549
585
2775
2785
4935
5247
6841
13317
60356
63366
58580
775
7665
8145
9991
13611
15071
15173
5925
5935
6655
9535
521
1251
2691
3369
51090
52572
2761
5409
8919
1189
4597
4607
5307
5327
6777
7477
7487
7497
7517
7635
8197
8207
8217
8227
8237
8917
8937
8957
8967
9637
9647
9677
9687
10347
10377
10631
11097
12537
13247
64604
54016
1421
2111
2121
2141
2821
2851
3521
4491
4501
4981
4991
5691
5711
6421
6461
9471
10191
10911
4973
9023
15357
15367
15377
16067
16077
16087
16097
16107
3057
49990
51834
7233
9901
15091
15751
77
777
797
2987
4143
5495
6235
7277
15147
15157
15897
233
933
955
973
2293
2303
54698
64112
53164
57504
5471
5481
10591
14429
14439
15139
15149
15159
15169
15879
15889
15899
235
245
945
955
1179
3299
921
1581
1621
1641
2281
2291
2301
2341
2361
3051
3071
3081
3801
3957
4481
55964
50010
2629
4555
5427
11945
2265
2285
2985
2995
3005
3015
3035
3725
3735
3745
4425
4435
4453
5155
5165
5173
5875
5885
6595
8035
8063
8755
9475
1231
1951
1961
59474
61882
50936
109
119
129
159
859
1549
1559
1569
1579
4807
12121
10897
11607
11627
11637
12297
12307
12317
12327
12443
13017
13037
13747
14357
14367
14457
15077
15777
15787
15797
15817
143
783
913
1503
63988
52550
551
571
1171
1321
1851
2041
2591
2601
2751
3461
3471
5271
15681
17
1675
2385
2405
3105
3835
3845
3855
4565
4575
5995
6015
6095
6725
6745
6835
7555
13223
51494
55804
1933
2735
1993
2465
2485
3185
3195
3205
3925
6275
7277
7997
8047
8717
8747
9447
9457
9467
9487
10187
10197
10907
11617
15267
15277
15967
15977
15987
15997
293
303
52624
53050
841
891
941
1541
1651
1661
1671
2341
2391
2971
2981
2991
3011
3021
3031
3041
3061
3701
3731
3741
3761
4451
4461
4481
5171
5181
7911
9793
11533
849
9065
3525
49680
53240
56874
575
1163
2081
2801
2951
3501
3511
3661
4353
4941
4951
5651
5671
6401
7111
7121
13463
14333
3813
1351
56352
51964
3703
4423
4775
6133
9101
11321
12041
5963
7267
11555
1839
2447
2589
63094
63944
51812
53838
54460
4497
4517
6657
6667
7377
7387
7833
8117
8827
8837
9537
9547
9577
9975
10267
10337
10377
11037
11047
11077
11087
11097
11395
11405
11707
11747
11757
11777
11797
11807
12417
12427
12437
12447
12457
12477
12527
12537
12557
12567
13157
13247
13277
13297
13887
13897
13997
14617
14627
14637
14657
14697
14727
14737
14757
15327
15347
15357
15437
15487
16037
16077
16187
16207
1993
57018
65132
3097
16227
87
107
117
817
847
857
2257
2967
3697
4417
4447
6557
6567
6617
7987
7997
8007
8027
8037
8057
8727
8747
8767
9417
9447
9467
9487
10187
10947
10957
11667
12297
12327
12367
13007
13017
13067
13097
13787
13817
13839
14507
953
1683
3053
60556
57018
89
809
819
1519
1529
1539
2969
3719
4419
4429
5149
6579
14813
3075
3429
3439
3795
3805
9147
1115
3467
3625
51658
56344
57258
57562
51330
533
1263
4943
4953
5673
7215
15593
6857
7587
10781
12191
2629
5001
49506
50134
91
171
231
531
541
551
631
661
671
891
1241
1251
1271
1281
1341
1611
1851
1871
1951
2001
2581
2631
2681
2691
2711
2761
3041
3351
3391
3451
3561
4071
4081
4111
4171
4191
4861
4951
4961
4991
5581
5621
5681
6311
6321
6341
6361
6381
6391
6411
6421
7101
7111
12171
12211
52510
2379
5209
5229
5939
5949
6629
7349
8069
8479
9509
7417
8127
8147
8827
8837
8847
8857
8867
8877
9557
9567
9577
9587
9597
10277
10287
10297
10307
10309
10317
10319
10327
10997
11007
11017
11027
11037
11039
11047
11049
11057
11067
11747
11757
11767
11777
11787
12447
12477
12487
12497
12517
13137
13147
13177
13187
13197
13217
13227
13237
13917
13927
13937
13947
14617
14627
14637
14647
14657
14677
15327
15367
15377
15387
15397
443
55570
56760
59750
541
561
1231
1251
1261
1321
2711
2721
3201
3211
3441
3461
3471
4891
4901
4911
6371
13739
14479
14499
15219
15949
995
1685
1695
2405
3785
14705
15425
16145
491
1841
2601
52004
58164
171
831
871
1571
1581
2971
3021
3731
3741
3751
3771
4481
5181
6621
7321
7361
10201
2785
3373
4925
4935
4945
5625
5633
5635
5655
6345
6355
6365
7065
7105
7765
7795
7815
13865
13875
14595
50226
1737
2051
2091
2101
2771
2781
2791
2801
2811
2821
2831
3501
4211
4221
4261
7121
8085
2337
2347
3501
9275
10475
10485
12349
63936
60728
51066
231
261
301
311
321
351
361
401
431
461
481
483
491
531
541
551
561
571
1061
1081
1131
1141
1171
1201
1221
1231
1241
1251
1261
1271
1281
1301
1841
1851
1891
1921
1941
1951
1971
1991
2011
2021
2261
2281
2531
2611
2621
2631
2641
2661
2693
2701
2711
2721
2731
2741
2751
3351
3361
3381
3391
3431
3441
3461
3471
3701
4091
4101
4121
4131
4141
4151
4153
4161
4171
4191
4821
4863
4871
4881
4891
4901
4911
5141
5601
5621
5631
5641
5861
5871
6331
6341
7051
7061
7781
7791
64638
51636
91
811
1521
2241
2261
5591
5711
8897
11005
1615
3067
3087
3807
3817
4517
4527
5247
5257
5405
5415
5957
5967
5977
6835
6845
7555
55238
54122
3953
5141
7767
14717
14727
14939
1295
1305
2005
2735
3455
12177
12877
14337
15999
4727
49244
10553
11281
12001
13435
14143
4509
5163
7877
13221
14651
14661
179
899
57860
51656
1423
15141
15993
1125
1647
1855
2337
2347
3057
3077
3777
4497
4517
5217
5237
5257
5937
5947
5957
5977
6677
6687
6697
7387
7389
7397
7407
7417
8107
8137
8147
8837
8857
8867
9547
9557
9577
9607
10267
10297
10307
10317
11047
11727
11787
12447
12497
13187
13917
13937
15367
15387
16097
1315
49680
63808
281
301
321
341
351
361
991
1001
1011
1021
1031
1041
1071
1691
1701
1711
1721
1741
1751
1761
2411
2421
3121
3131
3291
4085
4491
8571
1823
3421
5463
12433
12443
12453
13173
52498
56172
51386
681
1361
1371
1381
1391
1401
1421
2081
2111
2151
2841
3551
3561
3571
3671
3681
4391
4401
3475
3485
4145
4205
4865
4875
4925
5585
5595
5605
5625
5655
6305
6335
6345
6355
6365
7025
7055
7065
7085
7795
8425
8435
9135
9145
9875
12125
57992
5101
6097
6531
7251
7261
7951
7971
8651
8671
8691
8701
8711
9371
9381
9411
9421
10091
10101
10111
10121
10131
10151
10221
10801
10811
10821
10831
10841
10851
10861
10871
11531
11541
11551
11561
11571
12261
12271
12281
12291
12371
12971
12981
13001
13061
13071
13091
13731
13751
13771
14411
865
1263
27
50412
51456
8611
10041
10061
9945
10947
11657
11677
11687
12377
12387
12397
13087
13107
13807
13837
14527
14547
15227
15247
15257
15267
15967
303
313
333
1033
1043
1683
2153
2363
2393
2403
2433
2473
3083
3093
3193
3203
3813
3833
3853
3863
3883
3923
4583
4593
4603
4613
4623
4643
4869
5313
51710
54536
2477
10097
16029
355
4101
4353
4829
4839
9315
11671
13803
905
5309
50162
55928
64508
52540
6719
6729
7379
7389
7409
8119
11079
1203
2653
4053
5623
7257
7277
7977
8007
8697
9427
14367
783
2803
2813
2833
3533
3553
64636
51956
2031
2595
2741
2761
3491
4211
7287
8747
9467
9981
7497
9053
11857
14645
4571
52088
57104
761
11969
14337
15253
1533
5257
5977
7065
7775
11207
11217
11937
12527
13247
13257
407
52672
49866
3437
3921
4611
4641
4651
5391
6051
6061
6091
6121
8891
9603
10321
11031
11041
11051
11061
1159
1879
4667
7355
13825
14525
261
271
281
971
1139
1691
1721
2401
3121
58956
60246
50402
63042
1795
4977
6335
8821
12991
13597
13841
14317
14327
14337
15017
15027
15037
15047
15057
15717
15727
15737
15747
15777
53
63
73
83
93
103
123
763
783
793
803
823
1443
1483
1493
63254
2409
3089
5061
6177
15221
15941
297
1017
3827
4547
4577
7377
7387
7427
7437
7497
8107
8137
8217
8227
8827
8927
8937
8947
9607
9637
10317
11047
11077
11087
11097
11767
11807
11817
13207
13927
14657
50618
61574
3627
3957
5455
5465
10325
11025
1939
6747
6757
7457
7467
7477
7487
8187
8197
8207
8917
8927
9637
16241
3515
62426
64264
81
791
801
1511
1543
2251
2941
2951
3621
3631
4351
4371
5061
5071
5701
5771
5781
5811
6481
6491
6501
6511
7241
7951
14733
1617
4889
7397
8827
8847
8857
9557
9567
9587
10267
10287
10297
10317
10997
11007
11017
11037
11737
12427
12447
12457
12467
16097
433
443
1163
50052
63916
543
561
571
591
1261
1271
1301
1311
1321
1981
2011
2021
2031
2041
2701
2721
2751
2761
3441
3471
3721
4181
4441
5151
5851
6571
5975
7445
9707
9717
10437
15151
15861
15871
52540
59614
6117
7879
10769
10779
10789
11499
11509
11519
12219
12229
12239
12949
12959
15109
4975
6315
7725
8445
11309
13861
2815
2945
63582
361
571
581
1061
1091
1761
1771
1781
1811
1821
1871
2481
2501
2511
2521
2531
2541
3201
3241
3281
3291
1921
3873
5355
13511
14075
14085
14095
14105
3247
52502
58052
4437
5877
6453
6577
6587
6597
6865
7307
8483
10381
11915
12655
12675
12685
13365
13375
13385
14085
14095
14103
14105
14115
14125
14135
14145
14825
14835
14845
14855
15545
15555
15595
16255
16265
16285
16295
16315
16345
621
631
681
1381
1391
53268
60374
1715
1779
1789
1799
2499
2519
2529
3239
3249
5467
5529
6239
6979
7709
10377
11097
11107
11117
11817
11847
12537
12547
12567
13267
13429
13987
14007
14747
15427
15467
16207
2033
2043
2753
56958
50482
51538
52526
3139
7357
14835
15839
165
885
895
1615
2325
2335
2721
3055
9909
10225
10945
10955
1631
1661
2321
2331
2341
2351
2361
3051
3061
3071
3081
3761
3771
3781
3791
3801
3811
3821
4521
4531
4551
5221
5231
5241
61868
55424
6051
3135
3617
11715
11725
11735
11909
12425
12465
12475
12505
12789
13145
13175
13195
13215
13895
13915
13925
13955
13965
14635
14645
14675
14695
15345
15355
15365
15375
15395
15405
15415
16055
16085
16105
16125
421
431
441
1121
1131
1151
1181
1191
1201
1831
1881
1901
1911
1931
1941
2571
2591
2611
2621
2631
3301
3311
3321
3331
3341
4041
4051
4061
4081
4091
4101
4761
4771
4781
4791
4801
4821
58508
53006
3491
3501
4201
4221
4911
4931
6381
7101
7171
8581
9301
10751
11719
12429
15091
15821
137
563
837
857
1577
2287
3737
5887
6607
9477
9507
9517
10177
10197
10217
10227
10907
10927
10937
11125
11607
11617
11627
12327
12337
54660
61868
51432
3195
6421
6431
7131
7141
7151
7161
7861
7871
7881
8571
8591
8601
9301
9311
9321
9993
10051
10741
10761
13413
6017
6037
6737
6747
11215
11847
4809
61124
56172
7341
8761
8771
10921
14561
15271
3197
3877
3897
3907
3927
4617
5317
5327
5357
6303
8115
13155
13165
13875
1251
1961
1971
2349
2651
2661
2671
4061
4081
4091
4771
4791
4801
51332
71
81
91
101
111
141
171
191
201
231
241
251
261
791
801
811
831
841
871
881
901
941
951
961
1551
1561
1581
1601
1611
1621
1631
1661
2251
2271
2311
2331
2991
3001
3021
3041
3051
3061
3711
3721
3731
3741
3751
3761
4441
4471
4481
4491
5131
5161
5171
5181
5191
6591
6601
6621
16067
5403
6195
13851
2677
49396
201
8371
2735
5055
5487
5765
5775
5785
6505
7205
7215
7225
7925
7945
8625
8635
8645
8655
8665
8675
9345
10025
10035
10055
10075
10095
10105
10755
10765
10785
10795
11465
11475
11495
12875
12885
13595
13605
14225
14935
14955
15665
15675
1
50990
55084
7773
10861
11445
11581
12291
12607
13423
11713
11865
13275
14613
15097
5301
50274
58508
8137
10419
10429
11139
12047
13731
13741
14441
14451
14461
14471
15103
15123
15161
15181
15191
15881
15891
15901
237
5583
12715
12725
2337
4495
58136
9967
12169
12219
12229
12909
12949
13609
13669
14023
14289
14329
14389
16113
11125
11135
831
1551
1571
2281
2301
2311
3001
3021
3031
3041
3731
54958
1469
2179
4417
6135
7969
7979
8689
12673
6939
7609
7749
9991
10767
10777
11487
11497
11507
12207
12217
52608
59734
56484
123
3041
3051
3771
3781
4481
4511
5191
5231
5301
5381
5391
5401
5901
5911
5951
5961
6641
6651
6661
6671
6681
6691
7391
7401
7411
8111
12201
14363
11225
12685
12695
13415
13425
4135
53596
53640
8963
9725
3907
3917
4627
6867
7577
11589
12717
12727
13437
13477
14167
14207
14217
14277
14287
14297
14317
14927
14937
14987
14997
15017
15027
15747
53
63
1197
50370
63878
763
4391
4401
5111
5121
5841
10201
11561
12281
2729
6037
6047
8197
8207
8937
9637
10357
10367
607
2941
3661
3671
5129
64584
63220
63964
393
2391
2401
2411
2421
2617
4281
5043
12597
9151
15905
241
251
261
941
951
961
971
3307
55208
51954
60338
1195
1551
2261
2271
2281
2301
3021
3031
3041
3721
7577
2151
5783
10043
15057
15067
15767
103
113
123
833
843
5165
60596
55460
62630
5961
6681
6691
8101
8797
8811
8821
9521
9531
10231
10921
11631
11641
11661
12381
12391
12919
13821
14369
15323
1555
1565
1575
1585
2975
2985
2995
3015
3715
3725
4415
4425
4445
5145
5155
5175
5865
5895
5905
6615
6625
8045
8065
8755
8765
8775
8785
9465
9485
58042
661
671
681
1371
1401
2091
2101
2111
3901
4325
4631
6801
7861
7871
14165
13493
16021
367
783
1513
55752
63784
55004
5937
7377
13119
14753
531
1507
1517
2237
2247
2257
2957
2967
2977
2987
3677
3687
3697
3707
4407
7927
8637
8647
8657
9357
9367
9377
10087
10097
12707
12717
13427
13437
13457
52854
51314
2549
3099
3109
3249
3259
3269
3279
3299
3309
3829
3989
4009
4559
4719
4729
4739
5209
5219
5239
5249
5459
5939
5949
6639
6649
6749
6759
12023
12419
12823
5267
5277
58572
51998
415
2063
2111
2121
2831
2851
3561
3571
4281
4301
5011
15487
1357
1367
8453
12905
14345
14355
15065
15075
15085
91
1561
1571
55782
60070
1263
9601
15371
15381
16071
1137
3317
4047
4057
4747
5467
5477
6197
6217
7627
9077
9107
549
1259
2711
3431
3441
3451
3461
3769
4161
4171
4881
57434
52470
5969
5979
6489
6499
6689
7209
7219
7939
7949
8649
8659
8669
9369
9379
9389
9773
10089
10099
10343
10809
11015
11529
11539
12249
2475
3185
3195
3905
3915
6169
6889
61854
3413
9991
10001
10011
10721
10731
10741
10751
11461
11471
12539
12911
13259
13641
14331
14361
14589
15071
15081
15091
15751
15761
15771
15781
15801
15811
15821
87
97
107
117
127
137
827
857
867
1547
1557
1567
1577
1587
2277
2287
3331
3307
4007
4017
58208
58984
9813
13345
2663
10447
11897
13
683
715
725
743
745
1383
1393
1403
1433
1443
1453
1463
1473
2123
2133
2135
2143
2145
2153
2155
2163
2173
2233
2243
2833
2843
2863
2873
2875
2883
2893
2913
2933
2963
3307
3563
3573
3583
3593
3603
3613
3623
3633
3643
4313
4323
4333
4343
4353
4363
63784
53240
52446
31
1471
2901
6511
8345
8611
9311
9341
9351
10031
10061
10771
11501
4447
6273
6607
6617
8067
8767
8807
9507
11677
15957
15997
323
333
1023
1043
51672
52418
101
251
261
271
281
291
301
421
481
501
511
561
571
671
971
981
991
1011
1141
1151
1161
1191
1221
1241
1291
1311
1331
1341
1371
1381
1391
1861
1871
1891
1901
1971
2041
2051
2061
2071
2091
2111
2601
2761
2791
2801
2821
2831
3461
3481
3501
3511
3521
3541
3551
4191
4221
4241
4251
4261
4281
4871
4961
4991
5001
5691
5701
5711
5721
2395
3125
61688
64362
52894
60898
51676
3989
13367
13759
409
6259
7219
12405
13105
13115
13125
13835
13845
14525
14545
14555
14565
15245
15965
301
331
1041
1051
1731
1741
1751
3181
3901
4211
4221
4931
4941
61966
62410
7319
7329
8049
8759
15739
75
2465
2485
2495
3215
3409
3915
3925
4645
5375
6181
6815
13605
14315
3395
4537
55122
59646
59936
119
5117
1647
2347
2367
3067
3787
3797
4497
4547
5227
5247
5957
7011
7337
7357
8077
9517
9547
10997
11677
12377
13767
13797
14507
14527
15237
15957
53222
53182
57478
49722
299
309
339
349
369
379
711
999
1019
1029
1039
1069
1089
1109
1829
2539
2559
3989
3999
4009
5459
11747
12437
12447
12457
12467
13147
13177
13187
13877
13897
13907
13917
13927
14577
14637
14657
15327
15337
15347
15357
15367
15387
16047
16057
16067
16077
16087
16097
16107
363
393
423
443
1083
1113
1153
1163
1183
1853
1863
1883
2563
2643
3273
3293
3303
3313
3343
3353
3363
3373
4003
4013
4033
4053
4083
4743
4753
4763
55470
51716
541
561
571
581
591
1271
1281
1291
1301
1311
2021
2031
2883
3999
7355
14793
4849
5569
11417
11427
859
869
57434
57214
63042
3883
5129
6211
3045
3055
3725
3745
3765
3775
4465
4485
4495
5185
5195
5205
5925
6645
6655
7355
7365
7375
8075
8085
8095
8795
8805
9525
10225
10255
10517
10527
10537
10547
10557
10935
10945
11257
11267
11277
11645
11665
11957
11967
11977
11987
11997
12007
12677
12687
12697
13075
15215
15935
15945
15955
261
271
281
981
1001
1701
2421
53058
1507
5231
5241
5251
5261
5941
5961
5971
6671
6691
7401
7687
14299
14329
14339
15049
15759
15769
15779
95
115
125
825
835
845
1555
6919
8135
8359
11573
49664
51808
11883
4049
5087
6319
6999
561
1301
1339
1349
1531
1541
2001
2011
2021
2031
2251
2261
2271
2961
2971
2981
3001
3317
3681
3691
49422
56168
161
231
241
271
301
1721
1731
6793
8215
14653
5267
7383
15967
3141
3151
4591
4601
5301
55014
56172
171
181
221
231
381
891
911
1641
1651
1661
2361
2371
2391
3061
3081
3091
3781
4491
4501
4511
4521
5201
5231
5241
5891
5911
5931
5941
5961
5971
6621
6641
6651
6681
6691
6701
7331
7341
7361
7371
7411
7421
8041
8071
8101
8111
8151
8771
8781
8811
9815
10221
10231
10941
1399
6863
15523
63936
52624
58264
1651
1661
1821
1831
2351
2361
2381
2521
2531
2541
2551
3763
3961
3971
4165
11341
13627
14347
16131
2193
2913
2923
2933
3257
3977
50118
53240
60612
1423
5643
11199
11919
11929
11939
12649
12659
12669
12679
13369
13379
13389
13399
14099
14109
14119
14129
15599
3411
3707
4417
5147
7095
10167
15057
15067
15767
15777
15787
15797
833
2883
55172
59554
61316
3469
4189
5919
11619
11659
13263
2465
2475
3155
3165
3175
3185
3195
3875
3885
4089
4615
5335
8557
9267
9383
13397
54600
49214
7141
7151
12645
2277
2297
5147
5675
5685
6395
7115
7815
7825
7845
7855
8535
8545
9975
9985
9995
10079
11227
11237
15309
50990
54016
241
901
941
1611
1621
1631
1641
6281
7011
7721
8471
9931
10661
14835
15609
15619
15629
16339
16349
16359
695
1405
6355
7915
8635
10575
5319
51768
50412
53240
1491
2201
2911
2921
3061
3071
3761
3791
4491
5241
5931
5971
6611
6631
6641
6661
6671
7321
7331
7341
7351
7361
8021
8031
8041
8651
8721
8731
8741
8771
8781
8791
9441
9451
9461
9471
9501
9511
10151
10171
10181
10201
10891
10911
11631
11641
15221
3117
3837
8919
9371
52540
52672
54184
221
251
271
291
311
321
361
411
431
971
981
991
1081
1121
1161
1661
1691
1711
1741
1821
1831
1861
1881
1891
1901
2351
2371
2381
2391
2451
2521
2541
2611
2621
2631
3081
3141
3161
3361
3381
3941
3981
3991
4051
4701
4711
4741
4831
5481
9101
16381
7383
2427
60256
56514
21
4381
4391
5811
5821
6521
6541
7211
7231
7251
7271
7921
7931
8641
8651
8681
9371
9391
10091
10101
10811
10821
10831
10841
11531
11551
12017
12251
12261
12981
13701
13711
13721
13731
14431
15141
15639
5011
10957
10967
11677
11687
13107
49946
53282
64988
631
693
801
1311
1341
1351
1361
1413
1531
2241
2781
3511
10639
11359
12079
12397
1541
3389
8165
3359
63944
2901
2921
3977
4547
5071
5111
5369
5387
5791
6779
7509
8949
15851
15861
15871
15881
15891
187
197
217
927
1627
1637
1647
2337
3087
3389
3787
4547
5957
49458
59614
671
1351
1371
1421
1431
1797
2151
2821
2851
2861
2871
3511
3551
5021
5031
5731
5741
5751
6451
6461
6471
9301
10031
10957
11461
11471
13147
13661
14069
14079
14809
15101
15821
15831
157
887
53240
58262
64606
1133
4495
7021
7681
7701
7711
7731
10631
11949
3235
8743
9265
12693
12905
15767
15777
56658
54654
51
771
781
1481
1491
1501
1511
2231
2241
2333
2921
2923
2931
2941
2961
3621
3651
5071
7211
7221
13365
14045
14343
15485
16205
16225
16275
16295
521
591
1331
4501
53118
62448
49454
6733
7113
13635
15727
2295
2985
3715
3725
3735
4707
5165
5175
5417
5427
5437
5875
5885
5905
6857
7587
7597
8835
4729
61356
55414
4841
4851
4861
5319
5329
5591
6029
6049
6059
6291
6311
6749
6759
6769
7021
7031
7479
7911
8269
10309
11029
11039
11749
11769
12479
12577
14117
14331
51298
56524
50226
5219
5919
5939
6649
6669
7389
10869
10879
11569
11589
11599
11619
11639
12289
12299
12309
12329
12339
12349
12359
13019
13029
13039
13049
13059
13069
13729
13739
13749
13759
13769
14459
14469
14479
14489
14643
15209
4731
11267
11997
12747
13457
13467
13477
13487
14187
14197
14207
14907
14917
63462
64634
1491
2211
2241
2251
2261
2271
2921
2931
2971
2981
2991
3611
3621
3671
3681
3711
4321
4341
4351
4391
4401
5071
5761
6481
11561
11571
11581
12271
12301
13711
8675
8685
9405
9415
10115
10135
11515
11565
12215
14365
15065
15085
179
4113
54522
51494
63958
3469
3479
4199
4219
4539
4549
4909
4939
4949
5239
5249
5259
5269
5629
5639
5649
5959
5969
5979
6359
6369
6649
7059
7069
7079
7089
7109
7379
7389
7779
7809
9969
10737
5247
5957
6687
7407
13907
14647
14657
15357
15377
16087
16097
433
443
1153
61468
50252
3760
5336
16002
3832
1826
54333
55043
55053
55063
55113
55763
55773
56473
56483
56493
56503
56523
56543
57213
57223
57233
57253
57903
57913
57943
58633
59313
59323
59363
59373
60093
60823
64619
51467
53965
55291
56155
57905
60719
4130
8062
13640
57663
58393
61079
61779
62347
49671
55445
56103
57553
58397
59117
60999
61739
62975
9600
13728
50683
52133
53523
53533
53543
53553
53593
54273
54953
54983
55003
55703
56363
63925
49471
58335
65041
49335
50045
52765
53465
53475
54185
54195
54215
4636
15350
260
52015
52025
52763
53333
53465
54033
54743
55463
56193
51965
59695
60219
63849
64559
49655
51845
52565
52575
53285
53295
53305
54015
54265
1804
1996
6726
49411
49421
50121
50141
50151
50181
50191
50221
50861
50871
50881
50891
50911
50931
51541
51551
51571
51601
51611
51621
51631
51651
51661
51681
52281
52291
52321
52341
52381
52391
52991
53031
53051
53071
53081
53091
53101
53111
53131
53761
53771
53791
53801
53821
54431
54741
54751
55421
55441
55461
56161
56171
56181
56881
54155
53157
7168
7572
56311
56321
57553
59003
59723
60611
60621
62061
60827
60847
61567
61869
62277
62579
62589
62599
62609
62997
63707
63717
63727
64297
64437
65167
49493
49503
49523
50923
50933
51623
51633
51653
51663
53163
53873
53883
54443
2860
51293
51303
52023
52743
53453
56581
57783
59223
59933
59943
61383
51419
52139
52159
52859
52879
53579
53589
54329
55011
55019
55739
56439
56449
56469
57169
57179
57189
57199
57859
57869
57879
57889
58569
58579
58589
58599
58629
59299
59329
59339
59349
59369
60009
60029
60039
60059
60079
60719
60739
60749
60759
61429
61479
61489
62149
62159
62179
62209
62869
62879
62889
62929
63609
63619
64309
64329
64339
65039
65049
65059
50115
10598
4240
51709
52419
53879
60673
57279
61589
63009
63029
63049
63649
64369
64449
64469
64489
64519
65109
65129
65179
65189
65239
49515
49545
49555
49575
50255
50265
51435
52155
52385
52405
52875
53115
53125
53895
4164
6106
2500
52851
54991
55001
55641
55701
56361
56371
56381
56421
56431
56441
57091
57121
57141
57161
57831
57861
58541
58551
58561
58571
58975
59291
59971
59981
60011
61411
61421
62129
62141
63571
64281
64291
64311
65011
65021
65031
55011
59329
50355
52459
14550
1882
52321
52719
52991
53021
53031
53041
53061
53111
53121
53701
53731
53751
53761
53771
53781
54421
54441
54471
54491
54501
55151
55161
55181
55191
55201
55881
56601
59701
64343
51539
57319
60249
7156
16338
49193
49333
49553
49573
49583
49593
49603
49643
49903
49913
50073
50273
50303
50343
50363
50373
50763
50773
50783
51003
51013
51023
51033
51063
51113
51353
51723
51763
51765
51773
52463
52473
52483
52493
50359
61325
63905
40
3398
52241
52251
52961
53691
55131
59291
59301
60011
60021
60031
60731
60741
60751
61451
62479
54377
55355
62631
64295
52715
52725
52765
53455
53465
54205
11104
15748
4858
54341
55051
55751
55761
55771
56471
56481
56491
56501
57191
57221
57891
57911
58641
58651
58661
59321
59341
59351
59381
60061
60071
60081
60091
60761
60781
60801
61501
61511
62231
64233
64963
49299
51983
61885
61993
65069
50095
50125
50825
50835
2660
4110
4896
49167
55489
55499
56929
56939
56949
65255
54073
55159
55869
55879
55889
56589
57601
52705
52973
53425
14132
14152
15272
52875
53605
54653
54663
62831
64271
51891
53509
57215
57925
58293
62277
62997
63697
63717
64427
49423
50923
51633
51643
52333
53073
53083
53793
2206
6766
50061
50071
50081
50091
50161
50771
50791
50801
50821
50841
50851
50861
50871
50891
51501
51521
51531
51541
51551
51571
51591
52251
52261
52271
52281
52301
52321
53011
53031
53681
53731
53751
54313
54321
54421
54461
55041
55141
55151
55161
55181
55191
55771
55861
55881
55891
55901
60733
65453
8004
2660
7344
52313
63435
64337
64433
54097
54807
55517
55729
56937
57149
57169
57983
58609
59309
59319
59329
60039
60049
60749
60769
61469
61479
52135
52155
52865
2534
4414
54561
55251
55281
55961
56001
56729
62035
58739
58759
59439
59459
59479
59499
59867
60149
60229
60899
60909
60929
60939
61297
61589
61609
61629
61659
62309
62319
62329
62339
62349
62369
62379
62389
62399
62409
63029
63049
63059
63099
63129
63749
63809
63859
64479
64489
64509
64519
64559
64569
64579
65199
65209
65219
65229
65239
49555
50285
50305
3330
2008
49813
50067
50487
50523
50533
51253
51263
51953
51973
52457
52683
53393
53403
53423
53635
54123
54143
54843
54863
55563
49175
53241
56291
13224
848
49373
54635
57725
60591
60601
60865
60625
61325
61805
65457
49783
49793
50447
2392
3124
50947
60435
49977
50697
51291
51417
52137
52927
53637
53647
54257
54357
55787
55807
56487
56517
57215
57237
57635
57937
57957
57967
58667
58677
58687
59367
59377
59387
59397
59407
60097
60107
60117
60127
60817
60827
60837
60847
61271
61547
61557
14254
8450
50429
57427
65063
49399
57849
58569
59509
60239
60249
60949
60959
60969
61669
61679
61689
61709
62379
62409
62439
63941
64143
64579
64863
5980
5246
58805
59991
60691
61411
61421
62131
62141
62851
63561
63581
64037
49347
50945
52187
52317
52887
52897
53037
53047
59565
52997
4824
2068
55181
55191
56631
50849
50859
52279
52299
52309
52329
52875
52999
53009
53019
53029
53719
53739
53749
53759
54449
54459
54479
55169
55199
55909
55919
56619
56639
57349
57359
57369
57379
58089
58799
58809
58851
59529
59539
60259
60269
60959
60969
60989
61609
61689
61699
62329
62419
49323
12568
13544
6694
15882
49495
50193
50873
50933
51663
52373
53043
53923
54393
54403
54553
54583
54593
54653
54663
55313
56093
56103
56803
56833
56843
56853
58243
60277
52117
52837
53547
60865
60875
10510
16328
49323
57699
64231
53903
55969
55979
57419
58139
58149
58159
58179
58859
58869
58889
58919
59277
59609
59629
59639
60319
60339
60349
60359
60369
61039
61049
61059
61069
61079
61769
64253
53455
5622
7596
1680
49359
52149
57689
49641
52551
53235
53271
54001
54081
59001
60057
60067
60191
60777
9410
1200
54203
54213
54223
54923
54933
55643
55653
56187
56363
56373
56697
59995
61153
61163
61571
62281
62291
62991
63001
63011
58743
60585
4400
10272
52453
52513
53223
53243
53253
53263
53933
53963
53993
54003
54023
54633
54643
54673
54683
55383
55393
55413
56093
56133
56183
56793
56803
56913
56923
57573
57603
57613
57623
57633
58343
58353
58983
59003
59043
59063
59723
59743
59763
59783
59793
59803
59813
60463
60473
60483
60523
61223
61943
61973
62673
58145
60857
60867
60877
61577
61587
61597
62317
52311
53091
5890
7878
4686
51233
51933
52653
63917
49289
49299
50009
50729
53241
53641
58649
58659
59681
60885
60949
61669
54037
8240
6288
53669
53923
54389
54399
55109
55589
55629
55839
56289
56299
56309
56319
57009
57029
57049
57069
57759
57779
57789
58479
58499
58509
58519
59209
59219
59229
59239
59939
60659
63237
51489
52563
4682
15452
1416
60431
61221
61941
61951
62621
62631
62651
62661
62681
63381
63401
64071
64101
64781
64821
49167
49877
50577
50597
51987
51997
52707
52717
54127
54157
55567
55969
56287
56689
56699
56709
57419
58139
62047
62057
62087
64421
3346
6920
49913
50113
50633
50813
50833
51353
52043
52233
52253
52913
52933
52953
52963
52973
53633
53693
54333
54343
54353
54393
55073
55083
55103
55753
55793
55803
55823
55843
56473
56483
56303
60157
64367
53063
53073
53083
11924
12930
53915
56617
49377
50097
51587
53027
53047
54467
55187
60217
60227
60957
61657
61667
61687
61767
62447
62467
62477
62487
63177
63187
63197
63207
63897
50421
53623
53633
3836
6190
50333
50353
50363
50373
51063
51073
51083
51093
51793
51813
52523
52553
52723
53243
53253
53263
56483
57603
58323
59043
59063
64873
49229
49949
50669
50679
52809
56429
57169
57899
57909
57919
58639
65507
5336
16002
56403
56423
56443
56453
57093
57153
57823
57833
58563
58573
58583
58603
59273
59283
59323
60003
60013
60703
60733
60743
61423
61453
61463
62113
62123
62133
62143
62163
62843
62863
62873
62893
62895
63573
63613
64273
64283
64303
64333
65003
65023
65033
65043
65053
49339
49349
49369
49399
49409
50059
50069
50089
50099
50109
50139
50769
50779
50799
50819
51509
51559
52209
52219
52229
52929
52939
52949
53613
59795
63405
16012
7476
8918
57863
57873
58643
59303
59313
59353
60083
60763
60773
60783
60803
61463
61483
62203
62913
62923
63643
64711
64721
65421
65441
65471
49737
49757
49767
49777
50457
50467
50497
51227
53187
53907
54627
55347
56957
62609
51895
2156
5646
8390
10784
51737
55593
55603
56323
56333
57033
57043
57297
57743
57763
58463
58473
59183
59193
59913
63075
64083
53569
54289
54999
55009
55729
53119
54263
14442
1664
49463
49473
49493
49513
49583
49613
49713
50173
50193
50253
50263
50273
50313
50413
50433
50443
50453
50813
50843
50883
50893
50903
51013
51163
51173
51183
51193
51203
51563
51583
51603
51613
51643
51703
51713
51823
52293
52353
52443
52483
53183
53213
53923
54573
55477
50233
50243
50953
14024
15590
49883
49893
50603
50623
50633
50643
51323
51333
51343
52043
52053
52063
52773
53493
53921
54203
54213
55543
55553
56263
56283
56973
56983
56993
57003
57693
57703
57713
57733
58433
58443
58453
58463
59133
59143
59153
59163
59863
59873
59883
59893
59903
64943
49279
49541
49999
53949
12104
56141
56151
56871
58045
58745
58755
59475
65339
51309
52029
52039
52749
52759
52769
56021
58567
59287
51153
52447
11444
6114
56433
57133
57853
58563
58583
59273
59293
61689
62163
64323
50617
50627
51337
55533
56135
59419
59933
62339
62349
63059
63069
63343
63789
63799
64509
64519
64529
7542
2586
49413
49463
49473
49513
50173
50213
50243
50253
50863
50873
50883
50913
50923
50933
50973
51563
51593
51603
51623
51673
51693
52263
52273
52293
52313
52383
52973
52993
53003
53013
53023
53033
53053
53063
53073
53083
53693
53703
53723
53753
53763
54433
55103
55833
51507
52227
63827
49653
50199
50209
51853
51863
52573
52583
53293
53313
1870
4116
6436
55189
56489
56891
56911
57481
57621
57865
57875
58341
55779
55789
56489
56499
57199
57209
57219
57229
57909
57919
57929
57939
57949
58639
58649
60079
60089
60799
62991
52665
8984
6288
4300
52103
52113
52823
58297
50335
50355
51227
65307
65317
49633
49643
49749
51497
52317
52327
52337
7866
50899
51369
53881
53911
54601
54621
54631
55341
55351
50009
50709
50729
51429
51449
52859
54319
54339
54349
55039
55049
55719
55749
55769
57169
57879
57909
57919
57939
58589
58609
58619
58629
59319
60019
60039
60059
60069
60749
60759
60769
60789
60799
61499
61509
61539
62229
63709
64429
64439
49485
50125
51555
5546
9864
58037
59251
59971
55117
55453
58319
58687
59039
60087
60817
60827
60837
61547
62237
62247
62267
62947
62967
62977
62987
62997
63667
63687
64377
64387
64397
64427
65107
65117
49413
49423
49433
49443
49453
49463
50163
50173
50183
50873
50883
50903
51583
51593
51603
51613
52293
52303
52313
52323
52353
52973
52983
52993
53013
53033
53043
53693
53753
53763
54443
3746
15744
49583
49603
49613
49623
49633
49643
49653
49663
49673
50293
50313
50333
50343
50353
50363
50373
50383
50393
50453
50463
50693
51063
51073
51103
51113
51163
51183
51403
51413
51733
51763
51813
52523
52533
52553
52603
52623
52633
52663
53333
53363
53383
54043
54053
54093
54103
54303
54313
54773
55493
55513
55533
55733
55743
55753
56453
56463
57183
49183
49193
52287
2360
54463
54473
54493
60143
62305
63025
64227
50569
51289
52009
53547
54277
54765
54785
55279
55999
64483
13362
6624
354
55613
56343
62013
64481
57159
57869
57879
61057
61777
61787
63227
63711
64637
64647
64667
64697
64707
65347
65357
65367
65377
65387
65397
49683
49693
49703
49713
49723
49733
49743
50443
50453
50463
50473
51133
51173
51853
51893
1814
8894
5904
49543
49753
49763
49793
49803
49813
49823
50493
50503
50513
51233
51243
53397
59103
59813
64913
64923
65091
49249
50699
55523
58547
59267
3646
802
50773
50783
58625
60327
60329
61049
64461
64471
65191
49507
49517
50227
50237
50947
50957
52969
53201
58479
54487
15452
9026
49783
50493
50503
51203
51213
51223
51943
52187
52633
52683
53383
53393
54103
54113
54489
54833
55553
55563
55573
56263
56283
56293
56983
57003
57013
57723
57733
59819
55657
55697
55707
56417
57137
58399
7562
1020
7062
51823
51883
51893
52573
52593
52603
54003
54013
54023
54033
54043
54703
54733
54743
54753
55453
55463
55473
56163
56193
56617
57573
58303
59013
59033
59733
59743
60463
60473
53357
58847
59567
61757
62477
62487
62497
63217
63227
63927
50433
50443
8348
13456
60389
61049
61759
61769
61779
51637
52357
53995
54815
60999
65009
49639
49917
50989
14726
52893
52903
52913
53603
53613
53623
54333
54343
55043
60743
60753
61463
61473
62903
49157
50883
55811
56289
56299
56347
57009
58379
59089
50833
1554
5294
49713
49823
50483
50513
50815
51133
51163
51173
51183
51263
51833
51843
51873
51903
51913
51923
51953
51983
52513
52623
52643
52653
52663
53253
53323
53333
53343
53363
53383
53393
53973
54013
54023
54035
54043
54063
54103
54133
54693
54743
54823
55463
56709
58911
60355
6940
10530
49443
49453
49533
49583
50153
50163
50193
50203
50213
50253
50263
50283
50313
50323
50813
50843
50853
50863
50883
50893
50933
50953
50993
51013
51023
51033
51613
51623
51703
51713
51723
51753
51763
51789
52293
52323
52333
52343
52353
52363
52373
52383
52403
52423
52433
52453
52463
53023
53063
53073
53103
53143
53153
53163
53173
53743
53753
53773
53853
53873
53883
53893
53903
54483
54493
54503
54583
54593
54603
54613
59675
65067
49393
49403
576
1476
3410
5212
51263
55263
58669
52123
53061
53817
55787
56497
56507
56515
57217
57227
58657
59377
59387
60097
63587
63597
63607
64307
64317
2042
51237
52703
52713
52723
52733
52743
53433
53443
53453
53463
54153
54163
54173
54183
54883
54893
54903
55603
55613
55623
56323
56333
56343
57063
59511
59531
59541
60231
60241
60251
60261
60961
60971
60981
61671
61681
61701
61711
62391
62401
62411
64341
65061
49397
58117
58473
9004
3130
4634
49333
49343
49363
49383
49633
49653
49683
50023
50053
50343
50353
50363
50373
50383
50413
50453
50743
50753
50773
50793
51073
51093
51123
51163
51183
51493
51503
51813
51823
51863
52563
52603
53333
53343
56373
57093
65523
65533
49859
55473
64037
15906
3330
52763
53483
54203
54213
54223
54253
54923
54973
54983
54993
55653
55713
56393
56403
56433
56443
57133
57843
57863
57873
58211
58583
58593
59283
59293
59303
59313
59701
60003
60013
60023
60043
60431
60703
60713
60723
60733
61433
62143
62173
62913
63431
63479
64151
6776
15736
16004
50321
50331
50351
50361
51061
51081
51091
51101
51831
58469
61815
54465
62571
63599
64329
64339
65039
65049
65059
65119
49375
49385
49405
49855
50095
50105
50125
54365
5282
5476
50183
50193
50203
50213
50327
49805
52445
54907
54917
54927
55431
55441
55627
55637
55647
56347
56357
57055
57067
57077
57087
62933
63211
6426
13486
15572
55841
57609
60519
61721
62431
63161
50731
57321
58051
64539
49385
50825
50835
51535
51545
52245
52265
52441
9102
4230
51723
51733
51773
51783
51793
52443
52473
52483
52493
52503
52513
52523
52533
52563
52573
53203
53213
53233
53253
53973
54003
54683
56183
56913
57633
57643
58373
59813
64381
65001
49437
50057
50067
50177
50787
51497
51507
52857
52905
54511
1328
164
282
61077
49247
49977
49997
50717
51427
51437
52147
53587
53597
57095
57591
59465
64607
50177
50463
51657
53787
6558
7698
55871
56591
56601
63497
63563
64293
49671
56559
57007
59439
62339
63327
63337
63377
64017
64027
64047
64087
64117
64757
64777
64787
64807
65487
2206
15432
1938
52153
52163
52233
52923
52933
53603
53613
53643
54249
55043
56861
57841
57851
58571
58581
59577
64565
53283
65359
49695
4290
10056
50553
50563
51273
51283
51303
51993
59537
61183
61193
61903
61913
62613
62623
62633
52945
54771
57517
58227
64229
50625
50635
14122
102
51591
52301
52311
52321
53021
53071
53701
53771
53781
53791
54401
54411
55121
55131
55141
55151
55831
55841
55851
55871
55941
55951
56531
56541
56551
56561
56661
57241
57251
57261
57381
57981
58671
58681
59411
60121
61551
62291
53619
54379
54389
58719
63009
63019
63729
11444
14142
14224
65191
49279
49989
50019
50039
50709
51409
51439
51449
52129
52869
52879
52899
52909
52919
53589
53619
53639
54289
54299
54319
55039
55049
55769
55779
56459
56479
56489
56499
57209
57219
57229
58629
58649
58679
59339
59359
59369
60079
60109
60779
60799
60809
60819
61469
61519
61529
61559
62909
62949
63629
63709
64399
64429
65069
65089
65149
49375
49435
49465
50885
50895
51555
52305
52965
53025
53035
53045
53705
53717
53735
53755
2590
12958
49813
49823
49855
50523
50573
50583
51273
51283
51293
51303
52013
53453
53583
54313
54893
54903
55613
55623
57053
63739
57415
59145
63649
63669
50473
50483
7038
10064
50579
62895
63503
64193
64953
57977
57987
58697
58717
59417
60137
60157
60857
60877
60887
60897
61567
61577
61587
61597
61607
61617
62297
62307
62317
62327
62337
63017
63037
63057
63747
63757
63777
63787
64467
64477
64487
64497
65177
65187
65217
49553
49563
50173
50283
50293
50913
50923
51643
52353
52363
52443
53083
53793
53803
12010
11946
49433
49453
49473
50163
50903
51533
56473
56533
59451
61085
64381
65091
65111
65121
57313
52317
53819
15432
6026
218
49473
49493
49495
50153
50173
50203
50253
50333
50873
50883
50923
50983
51053
51063
51593
51753
51763
52463
52493
53065
52027
52747
59645
63307
63317
63327
65009
49345
50035
50755
14094
6318
54123
54763
54783
54903
55503
55513
55523
55623
56203
56245
56333
56923
57063
57653
57683
57783
58423
58443
59863
59873
59883
59893
59903
59913
60553
60563
60583
60593
60623
61293
61303
61313
61323
61343
62013
62033
62043
62063
62073
62733
62773
63453
63463
63483
64183
64233
64923
52769
53509
54219
59959
5112
7866
1638
1680
52613
52633
53323
53343
54013
54063
54083
64741
51937
55965
58649
58977
58997
59097
59339
59369
59379
59717
59757
60069
60079
60477
60809
61197
49951
7908
13552
49823
49833
50553
50563
51263
51273
51283
51993
52023
52713
52723
52733
52743
53217
53699
53709
53937
53947
54429
54657
55139
55149
55367
55377
55387
55397
56107
57547
57901
58277
58287
58937
60307
60317
61027
7020
59459
59923
60643
61373
61383
63305
65161
50197
50927
50937
51549
58137
58147
58527
58857
58877
59587
59597
60297
60307
60317
49829
49903
5726
4700
54147
56833
57543
52515
53991
55919
56639
56649
57369
57487
57497
57567
57587
58197
58207
58307
53119
53879
3388
10404
52483
55413
56143
56153
56833
56873
56883
57573
57583
58303
59013
59033
61193
57631
59283
62207
62947
63677
63687
64387
64397
65097
65107
65117
65127
50873
50893
50923
51543
51623
52273
52293
52353
52993
53003
53053
53063
53703
54383
54393
54403
54453
54463
3406
3306
51603
59985
50017
50027
50737
52167
52177
52847
52887
53567
54277
55027
56427
56447
57117
57127
57147
57167
57847
58527
58547
58555
58557
58587
59237
59257
59267
59277
59287
59947
59977
59987
60667
60687
60697
60717
60727
61417
61437
61447
62847
62877
63567
64307
50997
4832
16040
49215
49617
57547
61275
53019
53739
59167
61027
61037
61747
62175
62477
63187
49933
51729
12452
50563
50573
51293
51993
52003
53757
54173
55623
57063
57733
57743
57763
58453
58463
59163
59183
59873
59893
59923
59943
60603
60613
60643
61323
61343
61363
61383
61589
62033
62043
62053
62763
62783
62803
62823
63493
63523
63543
64213
64215
64253
64943
49259
49279
49299
49979
49989
49999
50039
50739
51429
51439
51449
55507
56227
13152
4564
49933
52093
52803
57663
58433
58443
59153
59163
59873
59893
60613
63443
64193
64691
64701
64883
65411
49949
49969
49979
51389
51399
51917
52109
52627
52637
52849
53569
54239
54249
54259
54279
54289
54969
54979
55699
55719
56429
56439
57149
57169
57879
58609
9554
4686
51621
52381
55753
57619
58053
50363
56247
58619
59339
60039
60759
60769
61777
62707
62717
63427
8390
5336
50603
50623
50643
51323
51333
51373
51393
51445
52043
52053
52063
52083
52113
52753
52783
52823
53483
53493
53503
53513
53515
53981
54203
54213
54223
54253
54263
54611
54691
54913
54933
54963
54983
55421
55673
55683
56383
56393
56413
57103
57123
57803
57823
57833
57843
58523
58543
58553
59263
60541
61281
61981
61991
62001
62721
63431
63441
6254
11340
5706
54813
54823
55259
55533
57003
57703
57733
59143
59153
59203
59873
60623
61333
61373
62043
62073
62083
62803
63503
63543
64215
49209
49279
49299
49949
50719
51429
52129
52869
53549
53579
54269
54279
54339
55019
55029
55739
55749
56409
56459
57139
57179
57879
57889
57899
57939
58579
58609
58629
58639
59329
60069
60789
1050
11600
49613
49623
49653
49663
49693
49863
50343
50353
50363
50453
50583
51093
51103
51113
51143
51153
51163
51173
51193
51783
51813
51823
51833
51843
51853
51855
51863
51873
51913
52543
52553
52555
52563
52583
52593
52623
52633
52643
53263
53273
53293
53303
53343
53363
54013
54023
54033
54043
54053
54063
54083
54733
54753
54763
55483
55493
61087
61797
62467
63187
63197
63887
63927
14656
3578
4322
51301
51311
51991
52011
52711
52721
53083
53441
53461
53471
53773
53783
53793
53803
54151
54171
54181
54191
54493
54871
54891
55601
55611
55631
56311
56321
56341
56351
57041
57051
57071
57751
57761
57771
57791
58481
59201
59231
59941
60661
61193
61361
61371
61381
61913
61923
62101
62111
63551
64261
62089
62257
62267
62997
64889
53099
2134
12814
14102
51457
50519
51487
52927
54337
54357
55047
55057
55067
55077
55777
55787
55797
55807
56507
57177
57227
57237
57247
57887
57927
57947
57957
57967
58667
59367
59387
60087
60107
60117
60127
60817
60837
61547
61557
61567
61825
62205
62267
62277
62957
62997
63677
63687
63697
63717
64387
64407
64417
65107
65127
65147
49411
49443
49463
52283
52293
52323
53733
53753
53763
54463
14406
13850
51403
52123
52823
52833
53533
53543
53563
54253
54263
57755
57833
58563
54723
54735
56251
56835
60007
60737
60747
60757
61437
61477
62157
64425
4816
528
49841
49851
49991
50551
50561
50581
50701
51281
51291
51301
51411
51991
52001
52011
52701
52711
52721
52731
52741
52751
53431
53441
53471
54141
54151
54161
54181
54191
54861
54871
54881
54891
54901
55591
55601
55621
56311
61725
51861
54011
59969
59979
59989
60669
60679
60689
60709
61399
62139
54095
4050
13422
7612
55905
63477
49683
52125
52609
57375
63123
64713
51995
52715
52725
52735
52745
52755
52775
52785
11982
3388
51853
51863
54743
60341
60351
60371
61071
61081
61121
61791
61801
49923
53297
56015
56177
56795
60271
61673
1950
7526
1068
52603
52613
52811
52821
52831
53531
54211
54261
54971
55641
55671
55681
55701
56361
56371
56391
57081
57091
57101
57111
57801
59251
59261
59971
60681
60691
62841
62851
63571
64383
54063
54073
60289
49539
49945
49955
3090
49209
52347
51801
54229
54949
55669
56379
57099
57799
57809
57819
57829
57839
58371
58519
58529
58539
58549
59249
59259
59269
59279
60317
60327
60337
61057
61777
62497
50483
50493
51203
51213
51233
51923
51933
13412
3144
14006
52175
57129
57303
63167
64211
64931
49267
49277
49997
50321
50717
51437
55015
63875
65485
50181
2956
8910
11186
49403
49815
50525
51995
52443
52673
53393
53403
56873
56883
57593
57603
63503
49583
49603
49613
50293
50303
51941
52391
5446
12340
1074
49683
49723
49743
49763
49773
49783
50353
50393
50443
50453
50463
50473
50503
51053
51073
51093
51103
51113
51123
51133
51143
51153
51163
51173
51183
51193
51203
51213
51223
51233
51813
51843
51853
51873
51883
51893
51903
51913
51923
51933
51943
52065
52523
52533
52553
52563
52573
52593
52603
52623
52633
52643
52653
52663
53263
53273
53283
53293
53303
53313
53333
53343
53353
53363
54003
54013
54023
54033
54043
54053
54063
54073
54103
54733
54743
54753
54763
54803
55443
55473
55483
55493
55503
55523
55533
56173
56193
56203
56223
56233
56243
56953
57683
54147
54867
64803
3724
11820
52015
56551
61581
61937
62951
63671
63751
64391
64401
65111
49447
49457
50157
51071
52179
52189
53531
50175
50895
366
510
53407
59743
60493
61203
65435
51299
51309
52927
53439
55589
55599
56299
57749
57759
58667
59149
59159
60117
60837
61537
62267
64303
49403
2506
2696
52585
57239
58057
58895
59117
61601
65281
49607
50327
51047
51459
51767
61355
7980
15924
53525
53659
54919
55639
63177
53459
54179
54189
54889
54899
54909
55599
55609
55619
58913
61779
61789
62499
62519
62529
62549
63259
63269
63979
63989
51275
1200
3796
15534
50693
50703
50733
51413
51433
51443
52123
52133
52143
52153
52163
52173
52183
52843
52853
52863
52873
52883
52893
52903
53553
53563
53573
53583
53593
53613
54273
54283
54293
54303
54313
54323
54343
55003
55013
55043
55053
55733
55763
57031
57061
57071
57751
57761
57771
57781
57791
58481
58491
58501
58511
59201
59211
59221
59231
59901
59921
59931
59941
59951
60641
60661
60671
61351
61361
61381
61391
62071
62081
62091
62101
62801
62811
62821
62831
63521
63531
63541
63551
64251
64261
52111
54621
3724
49513
49523
49543
49553
50233
50243
50263
56259
58265
63015
52215
62719
63985
49935
49945
50645
50655
50665
51355
51365
51375
51395
51405
52075
52085
52095
52775
52785
52795
52805
52815
53505
53525
1118
4812
3878
51671
52063
53151
53891
57103
57113
57833
57843
58553
58563
59273
59973
59983
59993
60003
60013
60693
60723
61237
50421
57959
58679
59379
62959
62969
51017
51545
51555
7780
14356
49283
49303
49313
49323
49993
50013
50043
50063
50713
50783
50793
51413
51423
51433
51443
51453
51473
51483
51553
52123
52133
52143
52163
52173
52223
52843
52863
52883
53533
53583
53593
53603
53623
54283
54293
54313
54323
54333
54993
55033
55043
55063
55073
55763
57833
56407
57117
58547
58557
58567
58711
59267
59277
59987
60697
60707
60717
60727
61427
63671
51211
6190
354
57629
63901
64363
49399
49409
62349
62359
63089
63749
63779
64509
64519
49587
49605
50265
50285
50315
50335
50985
50995
51035
51467
51715
51755
52515
52565
53175
53195
53205
53305
53315
54025
54035
13494
1774
53221
53231
53241
58373
49459
54303
54369
54379
55089
57965
61207
61227
61237
62555
62575
49979
14102
786
49793
49803
49823
50493
50503
50513
50543
51213
51233
51243
51253
51883
51913
51943
51945
51953
51983
52623
52633
52643
52653
52673
52703
52723
53303
53323
53333
53363
53383
53393
53405
53413
53415
53423
54083
54093
54103
54123
54133
54145
54163
54813
54823
54833
54853
55573
55593
56283
56293
57013
57053
57703
57763
57887
58423
58463
52139
52859
60749
60759
5218
5578
9404
49793
49803
49813
49823
49833
49843
49855
50523
50533
50553
50563
50573
50849
51223
51233
51243
51253
51263
51273
51283
51293
51303
51933
51943
51953
51973
51983
51993
52003
52643
52653
52683
52703
52713
52723
52733
53363
53383
53393
53403
53413
53423
53433
53443
53453
54113
54123
54133
54143
54153
54163
54813
54823
54843
54853
54863
55563
55583
55593
55623
56313
56323
56333
57023
57053
57063
55343
53919
54017
5726
1292
52497
63029
54243
58619
59329
61409
61419
62129
62139
62839
62849
62859
62869
63569
63579
63599
63609
64309
64319
64895
65009
65019
65039
49365
49375
50065
50075
50085
50443
50483
50785
50795
50805
51525
14440
1120
61781
61791
61801
52889
55029
55039
55049
55069
55749
55769
55779
55799
56509
57159
57199
57219
57229
57899
57909
57919
58609
58619
58639
58649
59219
59239
59339
59349
59359
59369
59929
60039
60079
60779
60799
60809
61479
62189
62219
62229
62239
62919
62939
63619
63639
63659
63669
64339
64349
64379
65079
49295
49405
49435
50055
50125
50705
50715
51415
51425
51445
51455
52145
54325
10628
7008
50193
51023
51033
51043
51053
51753
51763
51773
51783
52463
52493
52503
52513
53183
53193
53203
53223
53243
53323
53923
54013
54033
54043
54733
55453
55473
55483
55493
56213
56933
61403
61737
62123
65301
54677
64589
53395
53405
8920
10452
14052
13588
49591
56283
57013
58291
62189
62889
62929
62939
62949
63639
63659
63669
64289
64329
64339
64359
64379
64399
65049
65119
65231
49345
49385
49405
49415
49425
50045
50055
50075
50095
50115
50165
50175
50755
50845
50855
50885
51475
51505
51515
51525
51535
51575
52215
52225
52235
52255
52285
52305
52875
52895
52935
52945
52955
52975
53605
53625
53655
54375
1954
13696
49683
49743
49763
49793
49813
50423
50443
50453
50493
50523
51163
51213
51843
51893
51923
51933
52583
52633
53293
53333
53353
54013
54023
54033
54073
55463
55503
56193
58737
60563
61273
61993
63443
63473
63483
63493
64213
49269
50669
51389
58281
7044
1084
52673
53403
58043
58397
58407
58453
59047
59057
59067
59087
59097
59117
59757
59767
59777
59787
59797
59807
59817
60507
49905
50615
50625
50635
51325
51335
51345
51549
52025
52035
52755
3594
3932
11214
52603
53313
53323
53333
53341
53343
54033
54043
54053
54059
54061
54773
54781
56411
56963
61735
52195
52005
2068
4190
4584
50513
51923
51933
51943
52653
57381
58945
51193
56185
60583
51935
51955
52645
52655
52665
52675
53385
53395
53741
53751
54461
4936
10466
15152
49185
49195
63425
63529
52451
54305
55015
55025
61565
49633
49643
50363
50421
51073
51803
53253
53973
53983
3398
50389
56861
51637
51647
51657
51677
52357
52367
52387
52397
53077
53087
53097
53107
53797
53807
53827
53837
54517
54537
54587
55247
55257
55267
55307
55967
55977
55987
56017
56027
56037
56707
56717
56727
56747
56757
57139
57477
61693
53389
1194
12350
52093
52233
53003
53663
53673
53713
53733
54343
54383
54403
54413
54423
54443
54453
54993
55083
55093
55113
55153
55173
55703
55783
55813
55833
55853
55863
56403
56533
56543
56573
57873
58593
58603
58643
58673
59323
59333
60093
61167
62667
64045
4600
8448
49433
49463
49593
49603
49613
49713
50303
50323
51023
51033
51053
56945
58097
59363
61217
64493
53265
60977
61697
342
5490
8802
11204
3258
7574
50957
55913
56633
52855
54549
55979
56689
58169
59993
61249
63329
63339
64059
64749
64759
64789
65469
49805
50909
51235
51245
51255
51265
51275
51965
51975
51985
51995
1814
8586
3966
54069
63149
49763
50179
54499
55939
55949
56649
56659
56669
61009
61709
61729
61739
62109
62119
62839
62849
63179
63539
63879
64249
64709
64969
64979
50635
51335
51365
51395
52065
52775
52805
53475
54215
9400
11040
12510
7030
49803
49813
50523
50533
50543
51253
51263
51973
51983
55853
55863
56451
56573
57171
62325
51903
60775
61935
62185
63607
63617
11962
49833
50553
50573
51273
51283
51303
52003
52693
52703
53141
53151
53423
53433
53453
54143
54153
54163
54183
54843
54853
55563
55593
55603
55613
56293
56313
56323
56333
56761
57481
60625
63543
63067
63077
63087
63097
51637
4376
12656
55623
57063
59923
50627
54227
55909
56143
56427
56629
57097
57147
57311
57349
57827
58547
60707
63571
244
428
4610
53345
57289
58009
59449
59459
59469
60029
61619
62339
62359
62379
63789
63799
63849
64529
50315
50355
50365
50375
50385
50395
50755
51085
51405
51425
51455
51775
51795
52145
52225
52485
52495
52525
52535
52555
52765
52775
52835
52845
52865
52875
52885
52905
52925
52945
53205
53215
53225
53235
53255
53265
53275
53295
53475
53545
53565
53645
53675
53945
53955
53965
53975
54365
2936
12200
51263
51973
51983
52703
56253
56963
56973
57713
58353
58413
58423
58433
59133
59143
64061
64071
64771
49949
50669
51389
53559
54279
55729
56257
57139
58063
52051
4856
14002
49495
50225
53693
54433
54453
54533
54543
54593
55115
55163
55183
55253
55303
55883
55893
55903
55923
55933
55943
55953
55963
57393
61731
65371
59287
63497
64207
5828
14944
52143
54793
54983
54993
55703
55723
56243
56253
56423
56443
56933
56963
56973
57123
57133
57143
57653
57863
57883
58593
58595
59313
61173
49179
62427
62447
63167
63177
63887
63897
64607
64617
64627
65337
49673
1266
3582
51045
53263
63801
64501
64511
65231
55039
56597
57327
57987
59279
59299
59969
59979
59989
60699
60709
60719
60739
60779
61429
61449
62129
62139
62819
62829
62839
62859
63529
63539
63549
63609
64259
64269
64329
64979
64989
49295
49305
49315
49325
50035
13606
6350
4678
49281
49513
50243
53743
57977
57987
58707
59417
59427
59437
60147
60157
60177
60857
60867
60877
60897
61577
61587
62297
62315
62317
62327
62337
62347
62647
62657
63017
63047
63057
63065
63067
63077
63737
63747
63757
63767
63777
63797
64457
64467
64477
64497
65177
65187
65217
65253
49543
50243
50253
50973
51683
52443
53873
8468
5020
49323
49353
49383
49393
49403
50043
50103
50113
50133
50743
50763
50823
50883
51503
51523
51553
51555
52183
52233
52263
52863
52873
52893
52973
52983
52993
53013
53643
53653
53703
53723
54283
54293
54313
54333
54353
54363
54383
54393
54403
54433
54993
55013
55023
55063
55083
55123
55723
55733
55763
55773
55783
55803
55823
56463
56513
56543
56553
57183
57203
57963
58623
58633
58663
58673
59293
59303
59333
59393
60043
60063
60083
60093
60113
60753
60763
60813
60833
61503
61513
61533
61553
62193
62203
62213
62223
62233
62243
62913
62933
62943
62953
62963
63623
63633
63653
63663
63673
63683
64353
64363
65083
782
2494
53437
60211
60221
60931
62601
62611
63331
63341
64373
65103
49429
49439
49449
50889
53641
53965
57181
57879
50637
3296
3910
2832
60111
52159
52879
53599
54289
54309
54319
54329
55019
55039
55729
55739
55749
56439
56479
56499
57159
57169
57179
57199
57229
57899
57909
57919
57929
57949
58293
58639
58649
59339
59359
59369
59379
59399
60069
60099
60109
60119
60779
61509
62899
62969
63589
63619
63741
64299
64329
64339
65039
65049
65079
49355
49365
49395
50085
50115
50775
50785
50815
50825
50835
51555
52235
54305
3268
10284
49203
49883
49903
49913
49923
49943
50603
50613
50623
50633
50653
51313
51333
51343
51383
51393
51403
52043
52053
52063
52093
52113
52123
52133
52753
52783
52803
52843
53493
53503
53523
53553
53563
54213
54253
54953
54963
58613
61375
64659
49929
59575
53889
10582
11518
13098
56173
56447
56883
57853
58583
60023
60033
60723
60733
61443
61453
61463
62173
62193
62883
62893
64303
64313
56151
58059
58749
58759
59479
59509
59519
60189
60199
60209
60229
60899
60909
60929
60959
60969
61629
61649
61679
61689
62359
62369
62379
63809
63819
12204
55067
58349
59949
61367
61959
61969
62689
63409
64927
49857
52651
58731
59451
0
646
2544
49367
53473
50667
52219
52229
52239
52939
52959
53649
53659
53669
53679
54369
54389
54399
55109
55119
55129
57289
60351
49507
50227
51565
52215
52235
52245
52255
52265
52955
52975
53645
53675
54355
54405
4838
50253
50363
50383
50443
50573
51103
51113
51153
51173
51283
51303
51783
51843
51863
52003
52513
52523
52543
52573
52583
52593
53243
53303
53313
53433
54023
57521
62103
50175
52053
244
5334
57425
50017
50737
50959
51447
52167
52379
52887
53109
53607
53829
54569
60837
60999
61019
61709
61739
62429
62439
62469
62479
63169
63199
63209
63753
63879
63889
63899
63909
63919
64473
64679
65359
65369
65389
49715
49725
49735
50465
51195
1414
50849
57471
59719
61483
62193
62913
62923
55189
50219
50703
50713
51017
51403
51423
51443
52113
52143
52153
52163
52477
52833
964
16374
10804
3816
54523
60213
52107
52117
52827
52837
53567
54287
54297
55007
55027
55037
55047
56457
56487
57503
58283
60785
49383
51433
51443
52163
52193
52903
52913
52923
52933
53583
53593
53633
53663
54313
54353
326
3212
53311
56941
57661
58391
59111
60551
60571
61271
61999
62405
63461
64151
64169
64171
64911
49235
52117
52147
52689
52857
53399
54277
55007
55027
56447
61191
51717
8834
16020
49877
50161
50171
50331
50341
50871
50881
50891
50901
50911
50941
51061
51601
51631
51641
51651
51849
52271
52321
52351
52569
52971
52981
54915
49525
53733
15432
12818
3868
51147
62049
50467
51177
51187
51897
51917
52607
52617
52627
53327
53337
53347
54047
54057
54777
56439
57159
57169
57647
58377
59047
59077
59097
59107
59807
60943
63101
11022
3956
7758
54203
54933
55643
56413
57095
57123
57843
58563
59273
59973
60683
61393
50059
50779
50789
52239
53679
53689
54857
57855
58565
50061
50551
50885
5270
51263
51273
52355
55873
56603
50015
50103
57255
50595
52031
52621
54461
5074
13826
50681
51299
51381
51401
52121
49457
50435
50765
53469
53479
54189
54199
54909
54929
55639
59229
59239
59249
59939
60659
60669
60689
61379
61399
61419
62089
62119
62809
62819
62829
62839
62849
63539
63549
63559
64269
64401
11838
6628
49803
49805
49813
50553
51263
51273
51993
52555
52703
52713
53671
58641
58661
59371
59381
60071
60081
60091
60801
61521
61529
62221
62231
62241
62249
62941
62951
63651
63669
64361
64371
64391
65091
65111
50137
50877
51587
52357
6354
16212
50153
50163
50173
50599
52963
56525
56849
57569
59463
58943
61029
61739
53411
53421
14016
4960
11946
51503
51903
52633
52653
52947
53353
53363
53383
54083
54103
49507
50227
50947
51213
51657
51667
52259
55619
50459
51027
13412
5294
52139
56439
57149
59311
63641
63651
64351
64361
64371
65071
65081
65091
52387
52581
53107
53827
57707
57717
58417
58427
58437
58447
59127
59137
59147
59157
59837
59847
59857
60557
60567
60577
60587
15964
51981
51991
52701
52711
53421
53431
53821
53931
53941
54141
54151
54161
54551
55391
55401
56121
65129
65335
49595
49725
56673
244
14836
54621
55499
56111
56821
56831
57521
57541
57551
64963
64973
49299
49319
50729
51091
58731
62269
64867
52655
53365
53375
16124
1690
50067
50667
51753
52483
52493
53787
62631
53805
59887
51463
51841
52427
53583
14900
4686
53233
53913
53933
53963
59747
63545
50977
50987
52357
59349
59379
61271
62457
63177
64331
5010
1006
56927
57421
58131
58141
58151
58161
58171
58841
58861
58881
58891
58931
59581
59601
59611
60231
60241
60321
60941
61641
61651
61661
61681
62361
62371
62381
62391
63091
51373
53101
53367
56591
57535
5782
1784
49271
49281
49991
50841
50851
50861
51591
52291
52301
58669
59933
61373
64589
58009
58699
58709
58719
60959
60969
61679
61689
62409
62939
62949
63649
63659
64379
65109
9620
14500
53587
60663
63031
63041
63751
65131
65141
49517
50917
50927
51657
53077
53087
53767
53777
53797
53807
53817
53971
54517
54527
54537
54547
55217
55237
55257
55267
55937
55957
55967
55977
57333
53887
244
2580
13586
59259
59959
59969
59989
60009
60029
61389
61419
61429
61439
61449
61459
62139
62159
62199
62219
62859
62939
63549
63579
63639
64219
64279
64289
64299
64359
64379
64409
64959
65019
49205
49295
49315
49325
49335
49345
49355
49415
49435
49985
50075
50105
50115
50135
50155
50735
50745
50815
51465
51505
52135
52145
52245
52285
52845
52855
52895
53605
53685
54375
54465
54475
5258
8872
15432
49253
52123
52853
64179
50565
53265
54557
54587
55277
55307
55987
55997
56017
56027
56037
56707
56727
56747
56757
57437
57447
57467
57477
58157
58197
58207
58907
58917
59617
59627
59637
60337
60347
60367
61057
61067
61077
61087
61097
61777
61797
61807
62507
62527
63247
63257
7544
528
2570
53605
62841
64587
57593
61859
61869
62599
62629
63119
63309
63329
64009
64029
64739
64749
64779
64799
65409
65419
65429
65449
65459
65469
65519
49745
49765
49785
49875
51167
15006
16320
50555
51285
52475
54201
54263
54273
54283
54921
54983
54993
55003
55651
56361
57801
57811
64853
52597
63835
53213
5016
3294
50263
50975
50983
51003
51705
51713
51723
51743
52373
52413
52423
52443
52453
52493
53153
53193
53823
53833
53853
53863
53873
53893
53963
54563
54583
54623
54653
55343
55353
55373
55403
55413
55423
55433
56083
56093
56153
56803
56813
57533
62409
50833
51075
51835
55731
8984
15410
50429
60003
60693
60703
60723
61433
62133
62143
62153
62173
62183
62853
62873
63573
63583
63603
64273
64303
64313
49369
50789
50829
50839
51479
51519
51539
52249
52279
52939
52949
52959
53669
53679
53689
54379
54389
55109
58099
63091
53755
53785
7922
13696
49533
49563
50233
50253
50273
50943
50963
50983
50993
51003
51013
51623
51633
51663
51673
51723
51733
52333
52363
52373
52413
52453
53073
54481
55181
55191
55901
55921
53419
55955
64109
52379
53099
2134
2236
2564
57097
59123
59133
59143
59843
59853
63443
63937
64163
64173
64893
49229
49239
49959
49969
50659
50679
50699
51369
51379
51399
51409
51419
52109
52119
52799
52829
52839
52849
53345
53539
53549
53559
53569
54239
54249
54259
54269
54279
54289
54979
54989
54999
55009
55699
55709
55719
56399
56409
56419
56429
56449
57119
57159
57613
57849
57859
62021
15992
2916
54089
62773
64203
64933
64943
49229
49979
49989
50669
50709
50739
51389
52119
52159
52869
54289
55029
55719
55729
56419
57139
57159
57869
57889
57909
58579
60019
60049
60729
60749
60769
61469
61815
62179
63609
52225
52965
53967
54395
15810
16212
11712
49213
57163
57863
58593
59293
59303
59313
59323
60023
60743
62589
63841
63851
64551
64561
64581
64767
65271
65281
65291
49617
52607
52617
52627
52637
53327
53347
53367
54047
54057
54067
54105
58081
1708
2138
49263
50937
53495
53565
59767
58567
60911
61819
49547
51459
3932
11212
60791
60801
61521
61541
62241
62261
62951
62971
62991
64973
65151
49999
59047
59057
59777
60799
60809
61479
62919
63629
64339
64577
64597
65059
65297
65307
65317
50055
5022
604
49913
49923
49933
50633
50643
51287
51353
52053
52063
52073
52763
52773
52783
53503
54203
54933
64375
51719
52439
53169
54117
54599
64253
54215
4760
5360
57755
61583
62303
62313
62323
63003
63023
63033
63043
63713
63723
63733
63743
63753
63763
63773
64433
64453
64463
64473
65155
65163
65183
65203
49519
50929
50939
50949
50959
51639
51659
52359
52369
52379
52481
53069
53079
53089
53099
53109
53799
53809
54519
54529
54539
55259
55279
55979
49321
49403
49413
49423
50143
50843
50853
2682
7718
10224
52703
55663
59193
59903
52859
52869
53867
55729
55739
55749
55759
55789
57189
57209
57939
58629
60089
60149
60779
61479
62169
62179
62339
62869
62879
63599
63609
65009
50055
50815
8586
14632
50181
52833
53553
54253
54263
54973
54983
55235
55801
56521
60199
60929
61621
65309
65319
49909
50365
51777
53907
1330
2676
53791
60505
51213
55691
56429
57149
59393
60803
62323
63043
65081
65091
52539
4238
1074
53627
55793
55803
55943
55953
56523
56653
56663
56673
57223
57243
57253
57363
57383
62953
63673
63683
64383
61577
63777
64477
65237
49523
49563
49573
50273
50293
50303
50993
51003
51703
51723
51733
52453
52473
53173
53203
53903
53923
54017
5172
964
51805
53757
54477
54809
54819
55197
58293
59133
63543
64033
52945
52955
52965
53465
53675
54185
7552
8690
10048
50543
51293
51933
51943
51963
51993
52003
52703
52713
52723
52743
54103
54853
55593
55603
56303
57053
57063
59803
60543
60553
62723
51523
51835
54041
63087
15760
1848
218
52843
52893
52903
53493
53533
53543
53603
53613
53623
54243
54253
54263
54953
54963
54983
55683
55693
56373
56383
56403
56413
57123
58493
54167
55607
56317
56327
57747
59177
59887
60587
61307
61317
61327
51337
54277
8370
52461
53171
53181
53901
54671
54923
56353
57073
58513
59233
59953
59963
60673
60941
53709
54459
56529
56539
56549
56559
57249
57289
58689
58709
58719
59409
59419
59429
59439
59449
59459
59469
59499
60149
60159
60169
60189
60199
60209
60889
60899
60929
60949
61599
61609
61629
61659
61669
61679
62319
62329
62349
62379
63109
63119
63789
63839
64519
64529
64559
65229
65249
65279
49585
49605
10514
428
51341
53297
54017
58341
59061
61859
62671
63411
64131
50321
54755
61009
61019
64749
10838
3998
4724
49825
53663
53713
54373
54383
54443
55103
55123
55143
55153
55793
55803
55823
55843
56523
56543
56553
56563
57145
57233
57243
57263
57273
60073
60093
60793
60813
60823
61503
61513
61523
61533
62203
62213
62223
62253
63653
63663
64383
65083
65093
65103
49409
49449
49459
50129
55567
57007
51719
2864
7086
8352
55053
55063
59959
59969
60315
60689
61399
61503
61513
63663
63683
64383
50047
50757
51477
51487
52187
52197
52907
52927
53637
54357
55077
55391
55787
55807
56517
56527
57247
60097
60107
60117
60837
61547
61557
62267
62287
8014
8450
49193
49203
49223
49233
49243
49273
49283
49303
49673
49723
49923
49933
49943
49953
49973
50023
50033
50453
50643
50653
50663
50693
50703
51073
51393
52053
52063
52093
52103
52113
53473
54193
54203
54223
54943
55367
62307
63747
63757
64467
49513
49523
49533
49543
9254
11946
64579
50917
50927
53629
54349
55049
55759
55769
55779
56479
57949
59389
59419
60129
60139
60149
60169
60849
60859
60879
60889
61569
61579
61589
61599
61609
62289
62299
62309
62329
62339
62359
63009
63019
63029
63039
63049
63059
63729
63739
63749
63759
63769
63779
63799
64449
64459
64479
64519
64539
65169
65179
65189
65209
65239
65249
49515
49545
49565
49585
49595
50165
50205
50245
50995
51005
51015
51715
51745
51755
51775
51785
52465
52475
52505
53175
53195
53205
53225
53885
53955
4816
9600
51651
52381
52391
52421
52431
53101
53111
53131
53141
53819
53841
53891
54471
54561
54611
55321
55331
55911
56071
56081
56091
56111
56121
56131
56791
56851
57531
57541
57561
58281
61561
65263
65401
49935
8328
12444
15868
54733
55473
55483
56183
56193
56903
56913
56923
57633
57643
57653
65441
50413
53195
56085
56825
56835
57555
60159
60199
60929
63139
63859
64579
51115
51125
51135
51145
51845
51865
51875
52605
53335
12404
9622
11828
51609
51735
52881
55041
57723
50305
52437
52879
53167
58851
50525
50535
51925
51965
51985
52705
170
3436
3398
52761
55945
56653
58053
58063
63581
65011
49357
49367
50077
50807
52967
54417
54427
54547
55127
55137
55147
55287
55837
55847
55857
56017
56547
56567
49663
51621
52331
3346
4770
10466
1320
54243
54113
55589
56299
56309
57019
57667
57759
57965
58459
58469
58489
59179
59189
59199
59209
59889
60619
61329
61349
61611
62059
62769
51585
52305
14792
5376
50143
50153
50163
50173
50183
50823
50833
50843
50873
50883
50893
51613
52333
56553
60325
52757
53467
53487
54197
54387
54397
54917
54927
57703
50177
53109
53119
53839
7976
12814
3956
50879
56433
57143
57153
57581
57863
58271
58291
59001
59011
62759
63517
50273
51597
54771
62395
15940
16374
14602
51403
59303
60023
60033
60043
60763
61463
61473
61483
62193
62203
62883
62903
62913
62923
63603
63643
64303
65083
49507
50227
53537
54257
56281
62323
62759
53659
11226
55103
56523
57215
57243
57973
59383
59393
60103
62233
62943
64311
64321
50053
50083
50113
50773
50783
50793
50803
50813
50921
51503
51513
51533
52173
52193
52203
52223
52243
52873
52883
52933
52963
53583
53603
53643
53653
53663
54313
