13038
14502
53150
55296
7364
53922
7186
10036
49472
65274
712
483
2233
58040
1432
63950
62940
3638
54378
2540
32022
23588
47870
16823
27418
46936
33318
32188
33968
38172
22882
38226
34778
17186
34960
16498
38104
21764
39034
43950
21354
47626
23320
31636
36606
18533
18811
18944
42678
23742
32786
18084
37076
36492
22916
17304
42322
33298
20334
21346
43888
18114
35074
36012
47836
25664
41066
41402
21382
46100
36982
30362
31774
33056
16416
22574
39286
34678
31560
16616
40288
40906
31264
26558
47440
28314
33490
28078
33010
19404
43202
42194
32054
22850
48262
38044
18539
32456
22885
35770
36850
21374
20948
40810
17762
28182
35980
34080
20905
23392
25572
29733
32521
32854
26942
30934
39320
37050
18430
44236
46756
17822
36010
16412
34004
36484
29858
32080
38538
37918
29132
29058
38716
23958
29278
33318
26930
26066
41774
33332
20424
38946
40406
21072
39834
22882
39852
40818
30846
43268
32102
19338
41958
33098
21108
41296
18182
48576
34038
19522
25229
47054
49092
32668
33808
36930
39626
17074
25004
34970
45948
20314
35908
20364
45036
34302
17816
21041
22641
32561
46842
32144
43782
21148
31698
34618
44218
24300
25020
35196
33376
22666
41024
35552
23612
48736
31414
38164
43606
21196
25632
39788
18070
18084
45152
28863
20964
46688
33858
19181
25249
28707
29067
30707
16752
37136
43036
17012
30918
36830
37054
25478
45212
35502
24538
21508
47296
38066
20328
24366
45428
48780
25018
37076
26084
45840
22086
23234
36754
27202
31591
42390
21054
1017
7010
7730
62896
50084
4888
63076
51894
2768
8902
60600
55466
10100
12970
896
56010
49744
4870
63942
1168
1901
52954
53792
16284
1340
54530
55196
16234
52368
59074
798
11876
64190
64338
61760
4630
49502
50380
5356
12606
61056
4217
3307
7500
2375
52924
6580
56956
15696
14044
65388
2878
2924
51752
12042
7490
56192
50870
13728
50074
60600
3213
11498
1501
54410
12242
12680
51678
55632
858
5178
58460
57262
2158
4159
62706
4742
59838
12424
54268
54036
15286
1062
5382
5387
52448
64036
1388
9213
49806
4710
53002
54304
6116
6325
8306
14227
64556
4330
5510
15065
61470
6970
10320
51932
11598
55690
61092
5182
724
62830
49374
7574
60436
1084
12594
52266
53570
10324
12720
53408
53618
14154
49886
62462
4356
65260
51924
7258
3093
59830
13484
6146
57050
49532
12314
50432
7518
15724
50550
55970
56998
2176
2911
61930
62924
6
9004
8910
56380
3805
15327
1585
3763
10905
4511
4572
54090
12806
760
60978
52552
2432
3364
58556
4230
13600
55640
3420
59592
4316
4368
55514
52428
9226
9916
14316
5732
55364
9210
892
52236
3320
55398
61974
14866
1256
61452
8
54556
11224
13612
52372
1744
2508
58906
1462
60370
52174
668
7891
50010
9698
9876
49384
54328
8130
8266
65076
7140
49682
11460
11616
52976
53778
5284
54274
9674
54100
7368
54182
54422
2155
2850
52276
51434
1512
1572
62034
62690
2422
50632
59836
360
61284
52726
8044
7154
53862
1446
56782
11772
59626
54140
2606
4970
53428
59630
3351
9348
65204
13704
52120
5266
12516
472
54074
5390
64822
6694
54232
1511
10667
915
8947
13898
59344
61560
2208
59782
61032
13050
9656
14796
50938
57522
65176
10454
11944
52506
55062
6430
5388
57348
14184
2968
53196
6943
13583
2749
50406
52924
1770
60142
62302
50928
3977
5209
5549
7665
8775
9129
11057
11639
1149
2455
4741
6095
6671
8243
14923
15733
53156
4084
2694
61586
8
431
25120
42364
30096
30942
35334
26818
18902
43246
18816
35998
28210
36748
16414
18918
36876
19272
35374
26374
38558
34988
29888
30926
49044
19982
33278
16962
17682
36374
47344
39014
16968
32808
24422
31910
44958
32372
22228
34688
46496
30056
30776
20497
21071
37134
33842
20474
39666
46598
19308
38500
29638
22796
39752
17901
18574
18713
22201
24261
31511
32509
41208
48774
31006
20988
48646
18692
37400
29314
21708
35352
19804
29410
38842
37440
32080
32006
34320
40782
20024
30596
32916
43488
26876
33118
21906
38986
47114
40438
19724
44990
17682
25124
48224
25972
22404
43984
41060
24777
25307
25064
34264
35892
35468
19734
34568
17072
40522
44476
25277
26464
37662
27348
44554
30374
38654
27258
42250
47216
18450
19170
45510
36044
19352
35408
33750
32748
18084
31924
46228
18124
37706
38174
30976
18538
39318
46034
46990
32764
20414
36174
17996
20476
38746
40106
18096
19990
39476
20082
21538
41296
18410
48584
37910
18540
42554
17104
18624
22164
34802
27460
16856
32818
45548
36678
23944
26104
33674
37716
25916
17238
35570
21064
39258
21880
32216
34008
42826
20700
38328
38516
23484
39916
23888
39518
22300
26620
21706
47954
22752
25112
47870
45520
27388
44914
17100
23597
26545
28517
31515
31555
24491
36748
17142
20722
36144
43218
21222
28908
35348
27000
20474
38136
17996
20836
35592
40962
27082
30022
37006
18224
42448
20474
24740
46192
47830
20522
22896
46982
19882
26576
34270
38094
25800
32668
35288
37388
21396
29522
34922
33972
28412
31012
37052
40495
41545
35944
36024
36064
37474
21012
41316
25942
21102
47964
16514
17974
18664
23684
37660
36066
18314
47110
34476
17672
32024
36464
21064
48098
41100
22208
19660
48184
38578
23770
16686
35270
33554
19330
37906
43846
19536
17784
45976
33366
18560
27170
36890
40832
20878
36436
33142
21556
36316
42608
26010
30410
44826
16922
19132
34296
35938
22398
35382
49118
17146
28048
41832
43228
24296
20042
47894
37178
19554
36262
46632
18174
34548
44760
17285
20328
41094
23196
27290
40998
47872
17018
26622
48682
16562
33854
17892
30202
35486
25336
34098
45746
16911
24592
26097
28963
34722
19262
19972
48454
18832
26622
45902
22450
27944
39068
27378
34504
42656
29548
36846
16612
34506
42312
36592
31698
24024
47666
46898
20234
37310
32720
19830
46284
38184
17502
27936
13864
50992
12888
49780
57070
60388
6094
6634
56288
53314
454
14930
62062
65278
16044
54230
1395
6949
14417
153
203
2581
2983
8457
9005
12383
12391
751
61700
3762
5292
53126
10914
880
52740
1721
11934
60856
6030
59282
49304
836
5846
57234
51062
1858
49890
53270
13158
2284
49988
3894
16350
59746
56708
528
13872
49694
1110
3420
49864
55432
7444
9074
63258
53746
50720
2626
7796
57950
7918
53540
65036
4560
57070
63266
14577
3948
5273
58008
9509
3620
4031
55278
62954
15740
65156
61030
839
10934
60668
10806
52010
5464
5094
14966
3168
52422
3814
11960
2970
51030
63107
63533
708
4690
54681
52402
1200
65070
58342
4528
9268
51014
52804
1216
10820
63046
5564
16188
50062
53222
15474
57680
11428
11526
61072
51636
16048
5104
49502
53946
14990
2552
50578
3472
63350
554
55478
49530
13128
61126
7130
5330
49828
4342
11982
61784
57390
6016
52022
50416
6096
14020
57430
10102
62764
49170
6504
7820
10160
64270
59816
11930
51420
714
2640
49700
50400
3292
56516
62986
2298
52502
6256
520
65186
2054
3894
58166
10640
54010
54307
55783
57853
52135
12948
1408
49840
61221
3350
4486
54594
15102
11364
52100
3428
1800
49360
50180
12044
2132
12618
57896
348
5590
50184
53222
3738
55684
53286
3920
2294
55004
55100
12044
61226
63804
11374
948
53412
918
15264
54112
64242
14754
49854
59390
5600
5334
52382
56702
9144
49940
7338
53701
50322
8812
10532
49348
51178
6134
62256
2842
4522
63816
53782
778
1120
50255
56068
61831
57009
52187
12444
64510
2328
6384
13416
53175
54331
56089
57429
64026
1806
2642
5470
60790
61706
14658
15456
52962
63662
16156
7610
53422
56322
58492
54191
12070
656
51600
54798
5280
7888
51282
50936
9484
15914
51378
58618
10188
53832
4388
51320
6834
4374
60314
3294
50468
59672
2520
52266
3040
63522
11164
2764
54954
54964
68
16184
50590
49683
10108
52559
63036
1334
2620
58558
5038
12794
49234
53732
3148
12194
60220
60506
14604
53190
50732
5856
14776
62616
63894
13216
320
57336
58636
8042
3554
50806
65074
3834
51330
3580
52030
11340
13516
57506
59923
16236
14986
53866
50674
5752
9064
56520
5290
7576
54884
6906
50567
50873
51983
55289
57003
61197
63543
50511
51389
54529
58879
59171
59229
51945
4112
49888
7846
16340
57370
58976
5014
55670
50620
15618
60956
51062
2624
50570
2116
6190
57048
59968
630
58766
7632
53286
53006
5760
52744
5360
60759
63569
50013
54288
53481
618
49753
50320
53015
14944
59824
10664
55510
60492
280
16150
61810
61976
6102
1182
49864
53819
54647
60065
5642
1878
10348
59093
61089
64236
52685
3346
7666
49238
56946
15342
4458
61920
63010
418
52840
6610
10512
49236
53536
55726
32890
47578
20968
20986
42870
40778
18862
31388
38158
18440
22862
48850
22780
47844
40308
31782
19938
39626
19126
18708
40778
40788
65156
8314
5104
60692
52978
6738
12578
56390
4196
4700
65010
11714
54018
52844
13234
50384
54910
10974
15186
50730
53610
1994
56368
54374
6888
8298
53526
11160
15646
51276
4650
63556
51382
35686
30898
32686
40962
37598
22152
29810
43142
16852
18690
36688
19642
21744
44668
33572
48766
20186
26938
33426
30128
31524
35536
20002
38536
31846
19898
44258
46388
23458
24942
36896
36954
18092
26738
33378
20252
25876
37468
19202
38864
37112
20198
44266
34010
37302
28618
35706
40256
21364
24906
36428
25232
16734
34106
39000
31668
30782
34934
35754
20520
30832
36532
39522
24708
30156
48598
48734
33780
38040
27874
26744
40006
40202
24954
27862
42838
22932
21598
41192
44142
32458
21084
40664
33038
16974
21268
41788
43286
29034
19160
17528
37084
21470
23596
47744
48454
32837
17912
23892
35422
42378
16600
32422
37388
16418
17058
17735
18538
24583
27313
30185
16507
21619
27057
32399
19600
20350
21760
34938
37878
40688
42858
26922
21404
36768
27770
29538
41508
43885
31282
33466
42622
31018
23960
37018
44248
21932
20130
43102
48626
28148
34380
38740
24958
25816
35052
18784
26994
38086
17944
17124
37850
48568
17852
18802
41762
37734
16764
34164
37567
24932
43958
47138
25498
18728
35798
40778
33386
27616
49016
35712
20860
16636
38156
31510
27960
18280
45906
37088
18280
48234
38100
24698
35974
45384
16386
33982
39502
28312
24398
37481
42728
32874
35231
18522
20396
33598
31998
48464
36388
18934
43586
25092
42506
37603
41832
17122
40342
39959
43745
16884
28854
34986
23052
33336
44595
44821
43371
24952
37124
28138
29506
48070
34694
20954
37804
47502
23520
30184
39907
42394
44303
45457
20042
30230
36959
46032
37625
38975
18766
16724
32976
34386
37236
19680
26594
36398
18532
48026
35400
21432
20170
33574
43742
48092
31018
45182
16636
30190
33732
24634
37956
23702
32816
45913
22766
29448
43696
47206
20452
31458
40747
37901
36640
37350
38110
61256
62596
63356
13010
13354
14084
49338
52918
5810
54398
55856
1448
51890
64994
3738
55936
62132
64908
4380
4770
53420
2950
8758
16236
50614
57162
8570
13142
62950
56634
1348
14556
50803
57370
53967
7998
8284
51302
53402
55393
3198
15042
52089
54134
54425
12708
16210
50272
52412
7208
49156
410
57047
49992
15568
13678
51952
5728
6076
55322
56782
55618
1100
50412
50732
52642
53612
1184
57502
58852
6080
59056
59796
7316
3102
61348
6468
51738
52068
7730
64486
698
3792
52610
50170
9492
53780
9804
16080
51187
57786
58916
3008
3742
52730
10258
3848
50246
2718
54092
11900
7792
65384
58684
714
1414
1444
4309
5387
7227
12993
13361
14091
3447
2451
5259
5376
52294
53490
15018
60206
5588
2236
50642
64866
14422
6370
6390
63488
62256
3290
53894
13796
3346
58706
60186
10868
58050
65206
8334
8122
58638
51792
10920
51402
16300
56021
53949
54022
11218
61620
54872
786
3288
51846
57526
4286
12634
54966
6770
61142
4678
53773
57972
53109
248
2510
51004
50266
9104
58836
8386
5534
64380
55206
1822
3990
53522
61890
9692
5030
55378
60692
4630
53242
58912
4274
10114
15844
51028
54994
20
50584
61307
61721
51435
56559
480
3074
65100
50008
3164
4158
50040
11346
62676
57080
6172
5604
49868
50693
53463
57085
14830
59888
60944
65424
3588
54674
62833
63583
65273
15994
50614
54099
53887
2430
15408
57364
62608
6496
9546
53411
63768
11884
6866
59230
7110
5050
51200
49158
262
54616
5182
54726
760
3322
57262
64412
60265
13860
52748
158
52150
1038
53500
8246
50562
55582
2032
10666
12004
51304
64880
5924
50890
326
12752
64218
50584
15548
49888
53404
8550
49538
65234
11940
2050
3260
51198
51781
57434
51611
11420
49708
9912
1960
63226
59232
11024
54502
1414
2914
13150
416
5326
53132
8334
12904
49870
58859
10738
62732
4056
49184
6458
55650
8580
204
58562
10670
9270
53926
59418
3242
10458
56578
51774
7366
50774
53452
2092
4640
59576
3970
52050
52240
14396
4682
51524
62278
686
50570
51948
3500
3848
58480
60068
3344
10314
58340
60278
7218
51734
53852
7218
57062
16288
1624
52958
53764
11124
2
51310
54910
11206
53082
12286
15498
59920
6994
1548
49888
60886
3570
56806
4146
13634
55540
13832
56902
59832
58778
4388
3930
49210
8210
62770
50006
52242
3844
56892
53538
1290
5406
52412
9714
13560
49160
1196
62352
55988
242
49280
5010
58156
11674
55490
