3552
7314
56816
60110
7907
14883
6657
13897
368
1793
60456
715
2309
5441
8381
15981
3739
4467
7227
8997
10573
12897
14967
60622
56364
1329
8654
13424
50008
57522
3582
6132
52948
424
4
57324
60234
271
3921
11361
6341
9613
10323
999
1137
4697
52780
8244
12639
835
51620
58394
11097
14204
54004
1219
10884
52384
50124
8066
54160
60590
2068
5181
6375
3
50990
52596
8409
1478
8785
15655
4509
63178
52044
1408
56508
62370
3747
4175
9959
12150
16231
6623
14475
4319
50166
5108
62284
10214
70
55536
53284
14544
61488
53016
81
2201
2261
2951
5191
5811
6721
13711
14441
14679
15781
767
2377
2917
3667
5167
5837
13747
15097
243
3763
3825
4373
59762
52814
59542
9948
52280
4549
5739
5789
6609
9249
243
3071
3347
5145
11845
13083
15143
15953
16181
3297
3829
4121
58906
51860
1958
6904
57588
1432
4047
10327
1833
7467
329
51636
3683
7339
9031
10151
10761
12549
3049
3687
11693
11797
13997
445
65232
53158
761
801
971
2161
3641
4331
4401
4491
7921
11161
13317
757
2347
3657
10931
13207
57438
715
13260
64054
50070
12384
2440
57176
53052
7216
61056
2758
2768
4851
63634
2087
9616
4195
53480
54732
204
62532
61092
2681
12219
11044
14969
4697
50720
65020
621
1541
7769
16082
49996
50866
8496
12726
63550
171
1311
2061
2671
2741
4211
7435
9603
10151
11363
11511
4923
5535
9369
15217
55600
9655
10825
16191
16211
3357
4759
13385
13963
14383
141
3247
55480
9723
10060
49782
50946
748
50542
62682
268
10413
56850
54970
10672
60938
63568
14832
2138
8217
3665
50362
4161
2085
4700
15245
1221
53494
50432
58658
3803
1127
2796
52180
57042
7999
11491
13229
1398
2263
6215
8757
9457
16063
58660
4459
10832
12863
13381
1201
15281
50950
56350
681
1431
14063
14401
3827
12315
15427
463
2259
2383
2393
3803
56600
61032
8359
15491
697
12208
3563
51492
13187
8454
10713
49722
55810
15412
711
3949
60898
4959
13187
14280
64588
4019
4680
59866
1445
2165
3015
8303
14681
3877
6877
9869
14707
16115
4381
64106
55522
455
6527
7299
7561
8281
7497
7637
11513
13773
2053
2933
53228
3190
3240
3865
5297
5957
109
55232
51470
12584
2328
59636
49602
7394
10657
11149
63268
51886
10211
13251
10238
11399
49832
12347
12383
353
1073
3958
49910
7018
438
55914
53438
64550
7245
32
7201
613
683
1935
57472
53358
53966
5381
8826
54988
61942
3623
7653
13797
1764
49910
62850
1754
15795
65342
52428
1426
12023
1763
1793
61564
7503
10733
1281
5957
443
4820
55760
13413
157
933
1673
6001
7029
10889
50680
651
16363
13542
14299
4539
52386
11511
12295
15181
11407
15083
1638
58774
65050
13455
697
1417
2149
3465
4073
8227
9627
14897
2253
2373
3433
4293
5243
64792
11977
3744
5331
50570
1663
2033
4668
53948
2593
4273
7633
2033
3627
5509
6321
12937
14369
113
123
58638
2081
2175
10011
10793
2297
6667
9095
10159
14665
16215
56190
56146
92
53730
12679
1843
4530
6333
7935
9035
58134
1580
7800
3549
4855
52938
53798
181
421
501
2631
4171
5231
10751
10791
8489
14693
579
2507
3217
50724
61802
8793
13705
15825
289
3739
5789
10489
11639
12609
13821
705
3285
4693
53756
53766
49972
10337
12079
15107
9927
10461
11083
15043
15301
1437
2497
58866
52508
186
11616
54002
52756
4484
64114
59734
5957
10297
2508
59846
8
14373
55296
7740
3298
59762
5547
6913
14737
8258
62804
59274
2921
3033
5791
6909
14319
16255
2337
2723
12045
2083
2283
60876
5048
56410
2158
153
54968
50066
6936
14479
13429
52330
54406
10338
12497
13891
56652
715
1616
64846
49472
13434
59628
1415
6873
7498
16007
15251
50984
4683
11487
1593
3743
4259
4473
4797
5175
5915
5933
13083
14011
14523
461
3041
3821
4582
49210
51062
32
11177
13831
14963
61374
15156
5240
63830
8080
4798
19970
20965
25235
31417
48450
38084
25211
21951
24904
31791
37414
31728
19617
42586
36462
22076
12051
9794
10099
10777
10879
2971
51232
5891
10961
12081
15686
6067
11139
11877
2053
62706
117
989
1125
2432
16013
55110
57116
492
3352
4092
49202
63298
5311
10039
13601
1430
1450
49202
62832
3892
4102
63162
5353
5665
6651
7895
15723
757
5873
8697
10137
13729
15127
2013
3743
61842
50560
191
4091
4621
5381
9111
13297
15651
1355
5117
9095
12147
12797
14097
783
1283
2083
2953
2993
4993
5083
60416
4318
6007
54100
49502
9437
13560
1563
15093
459
65226
2983
1213
3201
10379
12651
2816
49926
58660
8929
5137
13004
1935
54424
473
4382
13257
363
60504
63946
4714
7339
8069
6743
15353
3819
59596
50116
7303
8023
9083
14567
1929
2483
4523
5263
5328
54734
5363
13760
49534
52510
716
55800
2543
2573
4624
51616
533
4427
5177
15623
16345
5297
6573
13671
2895
4165
56666
62110
4210
5637
7715
7821
59256
10414
51536
63926
1852
1114
49288
2225
8176
4603
15427
49166
64260
54538
1275
2745
16128
325
12779
50012
60072
3867
4123
14587
2760
49314
62194
826
5671
10053
13929
12313
50028
54600
1435
6691
12779
13595
2155
6139
8655
1875
3375
64732
15
701
12687
12941
4093
7283
50610
3618
4338
61462
53804
11004
61470
7574
2767
13053
52048
835
10579
2790
50518
57652
1438
50392
50312
12738
1569
12699
14231
35
58706
10166
9532
49384
51238
9654
13907
60742
52106
1954
9236
61492
63270
1830
63120
1438
5231
49420
7916
5633
2413
53422
56086
825
4095
11229
12539
13337
13997
7123
9587
16347
1335
2033
58874
57856
63570
3152
49776
49876
51976
54415
61085
61897
54458
13548
3629
7005
12699
13429
13591
52040
64448
6744
483
5083
52404
5826
11180
51876
61812
9004
9854
14933
60242
4277
9563
15931
15983
16229
1029
2227
3157
3667
5349
13205
16157
441
1293
2743
4691
61450
8943
13421
14016
16226
2021
63534
690
4310
49944
10600
10036
55162
2138
49492
55338
1759
13211
5234
7861
16243
62984
455
1331
11261
14637
15485
153
263
2913
57330
57582
2451
14948
55408
59754
355
4145
6619
8281
14615
7417
12667
12993
13133
14037
14637
14847
4363
62766
53460
9017
1139
2508
2923
49196
55724
1852
5342
52188
2567
2997
3142
10379
903
52064
51006
1425
3702
13841
57274
243
4205
573
1253
5861
8095
8459
14545
16081
16201
59540
3339
7323
13119
3763
8366
10109
3155
52094
4710
64310
56466
0
2930
56090
8495
12397
13647
14565
15039
1012
2432
2477
58056
55448
15444
64268
4925
6607
1023
4435
6013
189
492
60276
61534
64998
1691
4601
5799
6634
11341
2923
54678
61844
5528
5961
7137
13337
1925
59550
49716
5768
14451
64254
11729
12494
57470
65166
12334
8952
49254
50468
678
53310
64772
2888
53874
4820
50640
49446
781
928
2091
15701
11705
11725
13925
50454
51396
12025
5040
59196
11944
51906
56706
13717
483
12920
13953
14987
16229
49724
60176
1019
1850
50882
9425
15229
4264
51274
61812
810
2230
2975
5959
13261
6847
11427
53798
61262
14204
49380
5302
16048
53942
64846
705
927
3467
4059
5167
5227
5805
11123
1899
4425
9583
59416
60824
630
65026
4707
6551
9530
15297
10701
691
56298
2578
3552
61970
50976
11219
3824
57438
52186
14472
16124
60366
3346
9600
62374
2972
7026
51800
56984
2678
5584
57090
581
771
1253
3721
5801
7831
11707
12291
1035
4819
11205
13707
16185
5387
54012
56246
9559
3275
11535
13275
13385
13479
14859
165
549
857
55232
53036
77
10069
11429
12119
15867
2047
2305
2335
2393
7273
1669
2617
3297
61210
63246
8608
2322
63378
3040
3846
3377
5151
53494
56070
3277
7880
11243
11253
141
349
57526
49978
16014
62734
53878
2211
14425
15695
15825
2197
5049
11037
11757
15217
2357
53900
57790
51072
5185
6180
10647
4555
10491
3545
56648
2208
50314
9485
14391
1580
4663
52994
6869
9274
53680
59386
4620
51674
51902
1590
1797
5725
1899
1125
57574
78
57428
55268
121
611
1231
2311
2895
4277
10751
4847
6365
1721
49774
54616
357
11265
285
2978
52394
11955
12179
12899
1500
1877
2140
57580
49474
680
5720
56360
58366
61090
692
1362
53418
56688
1058
10985
14655
54442
63110
10643
16229
621
3191
14601
16349
833
49514
54004
4396
1463
49200
49620
50252
10234
4064
51718
50804
14092
13320
54754
4284
7874
54702
1842
59084
59996
11886
2030
63502
3006
9824
10544
53278
50280
14471
15021
662
2822
9697
13497
60362
3696
8726
63766
2598
49162
58186
1177
11797
14109
14163
14227
14845
14993
735
5219
6971
8699
10129
59430
3355
3595
11392
53090
63278
4998
51598
64062
2195
3351
3350
11793
15045
16011
52692
57046
10078
62756
10194
11634
51568
64596
3250
58078
10938
17823
21097
22130
24267
27879
42070
17692
23762
44462
19739
17010
40202
43080
22405
25187
30737
17055
18432
35350
46652
17433
19661
21447
24661
28811
31391
18139
21073
21749
31277
17075
17213
21119
38536
44600
17720
24724
38742
42788
16935
17675
20227
20699
22321
30489
30885
31369
16641
17891
27433
17987
33848
18282
26833
35576
16524
24384
17509
34196
48722
26866
19244
39952
41822
17096
18245
18847
26557
28035
28727
18423
21701
36768
19356
28082
34196
41764
18067
25310
28205
28990
36718
23135
31685
19994
24917
35772
36206
24073
32503
16839
18979
18999
20843
26409
29093
32324
21217
38416
17099
18075
18338
25619
34856
20294
49036
28852
18208
36582
29809
18894
43634
37824
24605
29055
17871
23241
31464
36376
23948
23958
35698
24690
19910
41852
46774
35626
24797
30735
30825
31046
33310
37650
17799
29511
30631
20979
22977
32302
46888
17799
19234
22124
31999
24777
17315
32966
18430
19003
27939
28311
32503
40868
21705
31477
27654
31083
38534
46162
25240
32070
40402
34510
46354
31948
33604
17142
34374
38284
25093
25627
26540
34864
40818
18432
32798
33710
23986
24616
17985
36400
42478
16965
17130
28665
46736
34990
20797
31009
20317
22169
22479
23609
25389
26817
29947
30843
32729
18691
19479
40288
43730
16747
23501
23625
24815
19627
24591
29837
17993
21051
40696
47452
16592
31859
45338
17996
22943
24123
30479
33868
25639
32418
21381
32978
36212
18227
19167
19887
20139
24763
27209
30403
16619
17789
19659
26513
28155
28653
16385
43982
42010
33244
28107
22123
23748
33452
34922
35712
46789
35515
42469
42679
26182
26932
20931
34764
45078
26520
31468
34578
17151
24293
26559
26725
27911
29625
21391
23163
29567
30265
31667
16861
17321
20945
37348
41174
20643
30883
18526
48232
31339
18772
31752
36184
40316
19049
20199
31425
19541
25336
27971
39716
44626
25008
32354
44174
21014
33218
37588
17780
19535
21195
30753
20463
37968
30668
43404
35066
17669
17959
23001
24191
30001
30111
32035
19975
23427
25857
27741
21593
41318
16710
21627
27365
19693
43640
19763
31221
21774
35414
27991
21650
26700
47846
22646
16968
34018
44146
17816
19372
35946
17442
18982
37508
43592
28512
46744
21084
37806
17846
18566
26671
49012
32391
21789
17234
34058
16425
16485
16765
16965
17195
18015
21965
31833
16581
21353
21967
30373
30995
33138
18566
28076
42910
19259
27728
30626
37258
48672
21369
22139
30129
16737
17107
17817
20643
21439
18121
18711
18891
21771
36626
33766
16675
17069
18225
18795
19495
20425
20865
22645
22675
23987
27499
29895
16711
20701
21001
25301
31931
17757
35004
43346
35586
9182
914
50507
59006
49529
739
1354
8777
10477
1289
3457
13843
1776
4656
50567
51233
57635
50778
14834
59722
63729
50625
58858
11802
49360
12310
9078
54970
65093
50649
3384
6444
7390
1468
65226
468
62716
54252
5752
59021
60321
60534
52851
1476
9100
61938
14944
54358
53034
5390
878
50333
50707
52840
57491
16244
50160
54680
12104
9030
55476
49184
9822
49308
52027
7020
13716
64418
63844
9928
13884
55688
60893
64469
50235
54311
7790
50021
54281
55243
55647
60621
59087
61771
62079
49925
49985
51205
53455
35839
42209
43719
48931
37339
37529
42723
45021
46995
49071
37321
23232
28992
33361
33609
34009
34199
43267
43867
45173
46755
48197
34673
36413
38183
45051
46143
25996
19890
48524
33340
22572
31532
30168
35295
41255
42803
46437
48779
33511
36015
37321
38267
37465
18098
31018
40504
19722
45658
46106
47701
26950
31456
22132
32940
35067
40243
48025
19430
31700
23786
38570
39300
43005
30780
22464
37642
43088
38541
31008
45007
45688
47137
23760
32230
33514
37579
20926
23444
32824
39290
17712
33379
33589
34046
42927
40407
43611
49433
51363
51403
55443
57363
61389
50549
52287
54559
56269
60939
64129
684
300
4726
50617
52029
64733
52411
57715
62875
51381
51421
52101
53221
54423
16046
51332
14362
14408
3858
51583
54443
51168
13378
16364
49814
52979
53545
59139
61535
50861
10566
49793
50763
51803
60359
54349
35526
23866
29590
36634
42944
25694
21130
42446
45516
28628
18274
37758
32837
34470
24536
27374
35899
34965
35005
35715
35755
35785
36413
36475
36655
42905
43895
45165
47935
48575
32801
32971
33041
33181
35871
31440
45380
33085
36015
23542
18300
33503
36953
41455
45717
35101
35791
36747
44285
47363
47449
34685
34715
24952
24816
24946
27266
32794
16720
33504
34959
37897
39301
37851
29604
30488
41503
40549
43006
17316
20804
38460
44638
20508
23208
34409
35009
35099
36439
42939
46223
47289
47463
35845
39525
39555
43237
45621
34341
17088
17778
17808
17838
18173
21388
21408
21418
24278
24298
26899
30525
18769
19610
21070
21090
21760
45371
45467
46794
33320
26006
19750
45616
38116
19076
35598
45618
20660
28218
47194
33871
45387
17150
33503
35399
39839
42291
42689
44073
44571
47755
37379
37739
23104
19848
37360
42584
26404
28606
46831
34541
38156
17208
34918
35608
22122
17472
36883
43301
34676
31234
34334
41524
46571
36487
29966
17906
18626
39559
43042
44583
42047
17634
43934
17166
28812
33600
37842
21750
46266
42647
49123
17684
17782
44947
48729
34158
16984
26006
33329
35519
37119
46429
48051
38991
40411
41019
42163
42285
48263
37361
37621
23228
30310
36013
36343
42043
43943
44137
35247
36251
36679
43227
43285
21808
37468
17634
25440
42029
45375
48464
37165
42855
44295
46477
20338
24732
38108
17854
22640
42176
44094
27590
30790
34581
41015
40932
21958
32594
18520
34233
34773
36963
38781
45259
47073
37249
39897
48869
36895
16928
17644
39275
48947
35965
38045
39921
40836
23360
18630
33466
24982
34835
42808
45698
34515
36223
36635
36933
37349
20252
25026
40785
42433
46654
37470
37520
30314
19572
34956
31054
41684
42424
47514
22992
22840
34242
16594
28930
38522
26728
33909
36809
41974
43575
39211
41307
45305
46475
19882
37074
40684
17700
18028
40082
36732
23864
32346
45752
26504
28700
34898
39918
23692
34946
28212
31256
40162
37085
37971
33467
18336
48539
37982
38115
38595
19668
42846
47086
23384
42224
25062
32800
32971
34249
48413
18712
23140
19484
34033
35529
42099
45621
46235
47743
40165
48849
35671
36049
20560
17370
46666
37242
30940
18046
35238
36008
47021
17484
33174
33038
20290
34172
46292
26872
30814
39479
41199
45723
46157
46175
49062
25152
48454
38910
21662
21048
33486
17256
17670
39266
42136
18146
35377
39263
45831
48173
33960
35285
22936
17278
40070
40365
40375
40800
36011
36601
28314
37573
44702
37081
17306
21810
36345
47718
48079
35777
23592
27054
37256
47547
37963
46353
22972
34665
33676
33895
36747
43473
17656
26610
35421
41012
46127
37747
22216
33473
33483
37307
43867
44969
47139
47405
35075
40795
41163
48187
48745
33801
34451
16678
47325
37503
43787
33126
33405
36721
32562
48835
36160
35205
16824
17490
46512
29350
30592
33536
32242
37849
48597
48850
33871
17496
24222
34521
40966
38015
24392
31878
32809
33473
34725
46795
33219
36359
40355
43827
33701
28594
31476
32776
38613
17446
27496
33386
42445
44011
24380
32168
43106
48096
28768
33260
33767
34545
36775
34451
35161
37291
24536
16766
37482
37502
18144
19538
19988
44698
27104
47052
21140
35553
36255
33197
33669
45124
46524
19552
25446
42165
47596
48155
21332
23592
39856
45599
24140
30592
33369
34203
34923
40589
42363
37925
40795
46293
46705
33731
35171
36601
36711
32492
31382
38576
18814
45942
32208
41772
44425
37027
23298
27174
33498
37108
38585
38655
25528
20978
38346
34581
35962
30514
38920
31768
35533
39183
43705
37727
37999
39695
40729
42615
33955
19628
26168
32958
36548
40573
32344
31208
33048
17686
20476
43182
35115
43907
47343
26218
16402
33333
33842
38177
19800
23378
40352
41039
42201
48155
48547
34777
45563
25824
19286
37119
37515
38029
39141
42309
39345
40177
42083
48125
36731
19778
36420
46248
24432
41069
41421
35231
38106
16626
27770
43571
43647
35998
23860
31628
33931
35712
45710
21084
33006
33646
35106
24966
30048
34069
34691
36611
40161
41677
44869
46621
48139
48253
48905
35375
20542
37819
44256
35871
25830
27288
48951
37185
37791
41502
36541
19288
23140
37222
39259
42972
35041
24252
34924
41251
36431
31552
17914
41745
48330
34285
34863
43149
21302
24506
34216
36657
47793
18644
23662
36676
27314
34206
34829
36605
38469
46031
35489
39089
29400
39265
43207
37402
22884
18468
37488
35241
47701
32388
35179
32925
44425
33464
17442
21574
33807
40721
42464
46461
34245
26404
20144
46392
36546
16516
41715
32825
38827
48182
17794
19412
26214
44081
43689
35298
30274
33079
33319
33529
38619
43659
46279
46865
46913
48899
35235
48425
33341
34081
34607
35521
35561
26754
31546
40869
32898
20266
17952
33271
34056
41815
34881
17464
20514
35152
49094
25454
26418
34556
36005
39293
32953
33443
35329
28860
20048
38369
39892
46877
44529
34675
25182
35737
46437
35538
37873
31510
40599
41329
43267
34675
39499
40305
41025
41597
47429
34265
17356
28720
35238
24198
46396
35442
26848
25634
33349
35169
36159
36389
37819
32945
35125
37215
37505
44395
48465
35681
36041
21762
26642
32850
35030
19156
39365
33176
42186
23728
18154
47619
36108
25554
32510
34441
34903
35041
37619
37881
43469
44403
36967
22156
21450
35643
35813
43355
44331
45245
48827
36806
20812
37718
39905
40598
42768
17364
40745
40883
43085
48865
30172
39803
39984
46449
44801
46567
48875
16772
34781
36069
36741
37999
39701
44459
48019
36415
37633
43459
46175
47805
34841
28618
44746
42782
29658
37587
37342
21486
34926
25556
46602
48930
27338
33154
38772
45008
23496
17240
35616
43549
46263
40659
45769
24724
37568
26064
42682
43345
42215
20780
23506
38069
43399
44696
35205
37195
24274
30572
33578
34308
37148
47888
19610
25082
38258
38305
43753
45975
33141
34049
47405
48471
25642
38878
34638
24240
24906
34146
19946
24004
40842
31222
31242
36523
38034
42364
44631
20012
18962
34742
41773
42523
43963
32917
17510
43710
27658
16720
28930
18522
43081
39838
43485
48615
28168
32799
38251
43111
45609
48905
33557
35531
36427
38251
46313
37041
18732
33922
34358
33830
16764
40642
29516
32204
33484
40029
37997
37491
28674
27074
21560
33667
33825
37189
41779
46499
33585
34395
37925
39345
39445
45305
46715
47425
47995
48425
33951
33961
35381
35871
37771
38021
17002
33483
33763
36505
37295
40407
37093
39319
39593
39645
40313
48039
33955
29108
29396
16958
43994
38016
30180
32783
34149
39407
40553
47907
48909
34909
37991
38109
22270
33306
45437
23086
28398
33414
33999
35749
40165
18376
37874
39314
40024
36933
25580
30006
34437
35036
34467
36589
19044
29900
42274
42294
29154
30832
48850
31542
41938
24654
26990
32946
34416
17582
39835
45549
45171
33707
38152
30166
22784
46146
31248
22638
36175
37035
41335
42085
42901
47547
49079
42411
47649
33136
34747
28758
20476
35946
40139
40681
30298
29262
34275
34665
37728
22716
20528
37027
40801
47151
36702
38131
28268
37212
39213
48979
49131
17980
19488
49137
33108
24574
18970
45472
33622
21178
32968
34358
34923
25036
19714
38546
17604
32986
17018
19538
38307
46327
46768
48475
18216
18458
39684
40404
41134
19112
18974
35537
36038
31510
38212
42184
31820
28526
39707
44065
47315
48243
38317
40165
42677
48413
34363
35689
21744
41453
47515
36789
39619
40681
40805
45423
45487
26312
27232
47186
24972
35897
39365
42168
46775
16594
40077
45045
48567
38327
40171
48094
35410
25166
33369
33819
35019
35759
34822
29908
19774
45321
33263
36848
40165
32060
33363
35247
43812
23712
25240
47229
32889
37032
43739
30544
37339
43105
33015
37402
48957
34277
24434
25938
33518
34318
43767
17498
36451
35365
41061
44168
36507
16596
17914
40921
36511
44432
19254
19064
46896
49035
19794
20098
46152
49062
31546
16852
33483
39936
21702
24022
34914
38445
44673
24062
35930
39560
32454
32798
35112
22202
27504
46915
47913
36604
38277
42649
37097
17112
22838
33107
43027
35348
21584
43362
46762
24298
20822
39869
40342
41443
43641
45579
35485
35567
22154
19478
35668
39908
18922
29822
32116
37479
46941
42678
23568
22568
44896
23584
19790
34107
38158
25540
20954
40509
46279
49107
48288
28842
16646
42142
46599
27980
32640
37415
40177
41947
42205
43775
47093
47735
43005
43629
46421
33357
24874
38386
40000
29594
30180
35629
35706
17040
37283
38068
20012
31280
32921
44859
45599
34681
36426
19868
28488
33564
46524
48611
32464
32058
34076
26818
42555
33491
43311
44796
37455
30440
37999
39083
46315
45471
45767
46497
47519
35255
37195
23664
28848
43940
29156
17326
23978
43254
39670
29506
21036
33519
40999
41370
36405
17364
34801
40767
43289
44555
48039
48327
34613
43957
33421
37195
37935
16824
40601
45681
40017
41831
42811
44221
36017
36637
36755
25074
35938
18838
41004
44834
28186
30380
45524
45901
34930
35027
26012
37921
38059
36465
39811
42367
43257
45567
47763
37495
38103
16854
20234
35823
45462
40075
34655
22880
32799
35179
35781
38059
42649
42845
46887
35187
48049
33763
36745
19306
24590
41701
44751
46242
19286
36385
32863
32871
42685
43081
45879
35210
29040
16486
48642
37688
28540
18714
41772
29258
30982
46998
42216
31300
26834
33007
33657
35411
28684
26380
43062
21834
33413
35663
42163
47657
47887
33131
35533
38333
38433
34655
37335
37385
38085
17330
18476
34834
22220
47958
17424
21140
41656
29978
35420
36960
37630
17814
28688
47520
37096
17644
46521
36588
26226
33852
49030
21080
21164
41258
41998
42738
35231
32947
24718
18128
46022
42138
18324
39025
45117
37486
23528
25982
34194
40359
39419
20876
38909
43041
47651
36345
37855
41438
41663
46573
25346
31858
34984
36531
39299
26784
35346
36987
40109
40851
49027
