1551
5371
5801
5197
13949
14209
15989
3937
5295
54754
801
831
3675
4371
5901
16087
2765
5957
8881
49776
54688
5159
9049
9209
6403
14225
2083
4455
4637
4963
17349
20309
25999
26677
27595
28095
31057
17909
46248
16435
23465
26713
26929
18361
20907
47684
34474
16485
17667
19437
21309
28385
32137
32461
26523
43316
45558
30737
31571
20205
26597
27883
31453
31483
16671
18969
33366
44880
16475
16737
16965
17825
25805
27165
28813
17557
18083
19711
34678
44864
32794
16465
16889
17009
17595
21675
22165
32495
17335
21529
47100
16955
18595
22865
25263
25963
31055
20843
20731
40620
16455
16475
18615
19355
22135
25785
32235
32255
20171
20181
24915
27501
30291
32475
17201
19929
21177
21277
33714
23025
27205
19511
21277
22295
24947
17207
17937
18547
21587
6373
7915
11661
13823
14561
1671
2347
9757
3967
4427
49508
4223
1425
3575
4021
5863
7873
11591
13961
15543
51196
52046
2631
2805
5025
6731
9355
11643
4343
10869
1937
59374
1181
2001
2191
2231
3475
5741
6375
6385
6411
7303
8441
1525
4353
4483
5193
50516
54206
54896
56326
61562
62992
4233
5031
6473
10663
14473
15111
11043
12287
65028
1335
2205
2875
4355
9605
12145
801
1551
13661
14085
3957
5157
62210
548
2025
5193
51084
12813
13411
3557
4311
4399
9459
12887
14219
14447
14619
52746
51194
425
501
531
665
8377
11449
15835
11841
14323
54924
2125
6165
8617
11275
12255
3307
5519
12037
4189
52040
331
1041
4265
7895
8391
9541
9851
11341
12031
12731
13161
14181
15371
737
3247
4687
4913
3147
3157
59230
73
5825
5983
6001
9585
9963
767
16139
43
3613
51830
3555
4601
5773
9671
9787
12141
1343
6847
11897
13367
14807
1427
2103
55848
50614
57416
135
2063
11179
13595
13625
6225
6519
11435
12439
15917
52170
52290
1331
1711
5571
11575
12553
7447
12497
12775
15127
2833
2855
4125
60124
49788
2135
5697
11607
5427
13267
15107
15437
1553
4463
56936
391
2105
5601
14483
669
1293
11257
12727
53394
52862
51
101
1381
4361
5641
5671
5791
7841
7861
15861
13407
15197
15557
193
1683
1775
2475
3223
3373
3453
3573
3793
4173
65496
91
5439
7121
10861
13553
14381
6193
3729
60278
61358
8711
9745
10951
11701
11841
13801
871
6127
7249
7259
9527
13197
2627
51292
61430
81
15252
56522
60830
3685
4245
5705
6121
8197
12577
13247
14769
15529
133
2033
59290
64482
3121
6571
12307
777
5837
10907
12987
14467
14497
14527
14627
263
1623
4583
4757
62356
50804
63526
3769
6027
6679
7629
8269
8399
10219
10369
10417
10999
11159
11709
12649
13869
14879
3225
6795
8625
9795
10285
14413
1087
63016
635
8319
8765
9385
10999
11515
6261
3065
4747
52806
55646
60122
50948
54528
5
3203
7097
11381
11567
12277
14513
15077
1559
54770
61000
53548
725
3769
7913
12033
14867
15039
15435
4515
53018
2023
2155
4661
8927
10545
15475
9997
10887
4697
5103
60982
1361
2521
2821
4941
6291
7031
4977
6687
7459
7997
3897
59344
60020
5035
5083
7883
10133
15683
1495
2275
3225
3665
52584
60616
53820
5
7407
7727
11387
1397
6563
9283
10041
4135
60584
55398
49196
54156
541
941
1011
1431
1531
3001
3821
4261
7301
10001
14035
287
1547
5797
6497
10207
2473
4503
56832
5
781
1533
3621
10093
16309
1091
6321
11729
12291
12459
4243
53318
745
2161
6453
14673
5867
8809
4373
5267
63868
741
4581
6781
13471
1717
4377
6069
6087
7537
675
1595
2963
63598
61770
741
3611
5495
14039
15509
5211
6511
8971
3283
4577
59470
52828
3049
6567
7533
10425
11643
549
1907
3227
59602
5241
6801
10135
10777
13493
15837
59
5159
13193
13397
14401
15403
51562
1834
14954
51423
52873
63889
64133
51905
50781
52795
53125
12446
55663
60543
61493
64283
50039
50079
50159
54239
57799
58029
58451
50335
51725
53565
6862
15782
2400
49443
53303
56993
54389
62581
63235
63559
64299
65109
50345
51065
51545
52449
52885
52945
53265
8356
13890
52763
53493
57093
59129
59203
60439
63441
51489
56059
57485
61649
54365
54375
1862
14484
49747
50683
51977
58593
59927
50269
53569
54329
65099
51759
52335
2210
49847
53085
54701
58837
59465
60975
62163
65073
53849
322
15560
49737
60099
64487
59553
49177
51849
52829
53715
3160
1246
49527
51997
54157
59155
59907
65223
51433
55579
56009
57439
53261
5172
9044
14362
49563
50487
50763
52273
53033
58517
58643
50547
50699
53319
60339
53389
13576
50143
59395
59993
61145
54941
55159
62467
52917
3154
49787
50357
50747
53229
53979
57769
64437
50001
52113
62153
10916
4706
49175
51385
51395
51783
52493
52673
54113
54137
64143
64227
54899
7716
3932
51173
51617
54873
64233
51135
52899
57949
60263
50279
51075
52025
11300
12762
49903
49913
50773
51353
51423
53513
54913
54943
58553
61089
54369
55799
59429
60809
60899
49505
53085
54405
54495
6210
14258
49193
53077
53473
55677
57593
61457
51955
52701
57871
64903
6030
1502
1884
49713
49733
52073
52153
55003
55007
56851
57843
58101
62133
62853
52219
52929
55059
1394
2144
5346
51033
51133
51663
52655
54283
57487
61925
62273
49547
1364
1414
3594
1934
52837
57481
58603
52525
61909
62735
62745
64523
5836
10038
49793
50653
51183
54133
59053
61433
62123
62753
50619
50629
52949
55109
56519
58659
59059
59991
61389
62059
62589
50857
52085
52425
52465
53005
54395
10554
50483
54857
60069
62829
56569
58377
62891
51669
52429
52767
53539
14858
50553
51303
51317
54903
57003
57723
59223
61973
62103
60119
64537
64729
33381
37693
40493
41855
47565
47695
34095
16824
35275
38427
40415
46247
37907
41699
47591
35133
35947
20036
33483
34889
35369
40339
40679
46785
32859
37441
40219
36391
37575
25996
31998
36829
44655
45375
46575
33535
35829
41949
43607
46239
48655
33775
17088
18018
33483
35081
38263
42261
42821
35819
44347
46077
49147
35425
18270
20548
32839
32959
33159
33179
33259
33429
33879
34239
34509
34649
36429
37099
39249
39323
41369
41409
42199
47829
37305
36401
23914
34303
38647
45277
33213
33855
35419
35499
40205
46787
35051
37831
30368
31330
40527
41363
43087
45907
36669
39299
40061
47341
33279
36725
38045
30716
37711
46149
32895
33859
35187
47315
47995
33281
35341
37211
38051
18926
32829
34203
35303
36253
36753
44775
45555
46767
39697
45009
46709
48149
16616
35513
36821
37603
39791
39933
40641
46643
48565
44439
35017
37035
27234
36353
37093
42085
42423
42923
45033
47213
34231
36599
35843
16425
17434
17818
20310
34015
45379
45685
46757
47855
35801
40455
42189
33557
34497
35575
37395
20686
27914
21488
32913
34383
38129
38315
39785
41343
33087
38155
27960
35693
44253
46371
48405
33519
46169
48491
37413
16470
27736
34211
36325
36863
40533
45273
47453
38485
43485
45537
32771
35981
21516
25222
32839
33075
33095
34669
38573
42839
33983
35295
23900
35019
37693
41419
44011
48601
36307
42815
35063
35671
22038
25134
34869
39029
39229
47859
34235
36981
42979
46945
37071
19396
34183
42281
46561
35177
41627
43105
45957
33291
34721
35461
36191
36201
36625
36863
38065
20106
31688
34405
36353
37255
43087
47301
33143
34299
41999
43163
44081
44673
47643
23622
32492
34061
37769
39329
39707
40239
44351
33721
32096
19338
21160
34831
35439
41155
41875
45125
46255
48815
40099
41647
17646
25892
32773
33849
35063
42321
44233
34757
35457
33165
33743
22640
21386
34899
36459
37139
37729
38539
42189
43529
32815
36605
37955
38935
46045
47295
37271
19788
35909
37163
40541
41373
43555
34341
36529
43455
22448
16860
35123
35249
35909
47761
48059
48613
34135
36055
37405
37565
44155
44875
45455
36991
30032
18082
33139
33989
34939
35149
48307
49093
40875
40975
43097
48865
48945
36901
24988
31694
21210
35149
42871
43631
43859
47989
48809
32965
35985
36735
36895
37445
37635
44165
34211
36381
