13262
12658
49726
11198
5052
54494
51656
16372
3892
60686
8104
8888
49236
3130
8080
55102
9252
50688
53328
6162
54016
7790
56746
62354
2700
4160
65154
53966
8416
14030
3554
54412
53442
15196
55468
6054
15466
60072
50952
4828
13841
15411
53608
6098
58264
410
1700
61896
15352
52956
50266
12790
4426
51664
2630
5278
65296
14488
58580
13287
13476
13933
55424
12764
53674
1862
60942
51396
14736
850
63750
60594
12028
3498
56962
52190
61684
1768
60972
8768
52064
926
9824
54828
51482
9268
16216
54312
54866
10950
49668
63304
9212
14694
56438
4840
6260
49850
55908
9585
16003
4437
5606
225
54242
62556
1774
3896
59520
51028
2854
2176
56872
60884
4812
53618
5454
50444
15624
52630
53940
12820
9058
55988
63254
5952
6810
64166
50666
6226
4492
60586
3134
50464
11454
10434
60298
52550
10154
51952
59528
3408
11842
63758
2702
58806
12076
12624
51772
60246
4742
61786
63350
984
58832
51458
1904
57968
9710
11210
51348
4160
57802
1266
55556
64142
50586
3672
59122
38960
43970
21758
26406
34804
34868
34890
28930
18678
34558
17576
31400
33362
24780
28412
39204
47434
32222
36746
45836
31094
31104
22670
37616
18015
25595
26325
19981
19997
20953
21717
22653
18896
45592
26142
31739
45214
34380
24682
27076
35364
25434
39030
18998
46870
27690
26722
33758
22566
34282
34162
25030
41096
38734
29726
20892
3950
60686
64066
2510
4790
53904
1426
2116
60836
60408
7365
6687
14828
60800
13318
59392
3134
60422
3262
50444
14548
922
52262
7204
3232
49652
2152
63054
9997
1525
64796
53352
15460
1304
50666
62808
13486
52108
59902
4862
53058
63202
4650
52534
57472
11836
52984
59618
4304
51974
54050
61706
4316
55486
53594
9060
64394
51756
7129
7583
13639
3735
6191
10649
13337
14139
14757
1785
4271
49322
51940
2492
63948
1868
64360
11372
57378
61098
2502
5034
62828
4512
49230
64970
2330
7614
8344
56322
57596
3142
59416
8454
984
54124
224
2674
61888
2136
52558
51154
12346
12392
62564
15386
52078
55428
11594
13234
49738
53984
4810
6250
57156
61216
10258
3054
62728
64698
9034
65034
50714
5118
12778
60772
62350
13764
3908
4072
60540
61808
11198
52596
55842
3584
5064
62658
49368
7216
10786
60196
61094
8412
3209
12425
49426
2972
66
4944
49638
9856
14123
59818
49412
2144
49638
13126
64594
7380
61018
53174
16138
4084
49980
49326
7596
4932
50314
53666
771
8569
13490
64060
64978
12772
54008
64816
926
50606
50680
14270
52756
57870
2719
3417
7737
11473
11733
11947
12931
14649
2907
56706
2614
57382
13804
14512
58572
6548
11618
54746
52050
236
2694
62304
1166
4591
6521
56066
52562
5436
56492
5642
60374
63372
10394
60954
10098
61868
64034
11292
180
62304
3374
5484
6234
49944
53084
58136
10996
492
50272
55170
59728
7284
59302
11046
10068
49412
2772
49174
1094
12694
61008
63090
636
12818
53474
11804
49240
62800
59116
12234
62912
7463
8515
9655
10869
11473
13945
6771
3957
4873
60910
7042
53756
4166
54512
58240
16186
63324
11545
1153
5503
15202
62364
1846
14727
56992
51964
12500
3060
50130
60676
3848
5948
53724
52998
13974
53404
53240
4050
53236
53320
15270
62158
80
58324
59204
3762
12610
64926
176
3836
53334
12782
63868
2191
9701
4303
7867
9449
9535
10383
11821
2207
50878
11128
1672
58136
1946
4574
51854
1556
14324
55148
53964
56910
15698
50178
3438
5586
64192
50196
10440
4316
51040
51598
12148
7742
54344
62894
65136
50954
6810
56160
14312
59594
59976
3352
6152
59190
52466
4600
202
57414
5348
14708
51716
12686
5972
63514
8866
50088
58880
1224
4750
55052
56388
2514
9446
55694
61130
6882
52362
63604
6840
51732
7974
51736
9642
12046
55238
195
4501
10583
14921
14703
14723
15455
16175
551
599
59334
16206
59814
54856
1048
49788
15662
1038
53798
16138
51678
14678
51274
53848
1421
8976
63804
61522
8594
54934
52900
4596
63788
50816
1035
9850
9945
60442
4512
56146
64304
12060
5326
60672
64804
3180
59450
672
62732
3672
56802
57100
5758
61098
2616
64806
63666
1814
54458
57040
50414
12164
50772
1544
1626
8888
61248
59042
8380
3850
53564
3152
54694
57860
898
5958
55052
60050
61088
9050
88
51408
52520
15416
16206
61084
11026
60464
76
50222
9958
52632
62448
2854
56770
50666
1464
53130
55672
6938
2044
54498
10228
3672
62568
5626
59834
56764
6170
2430
59106
3070
53978
51592
6787
7610
3173
63230
57394
3800
54766
1555
2151
6421
10299
11095
2215
6279
11791
795
61248
336
60870
52316
2512
56332
55598
1544
9764
52378
340
11104
60308
49998
58250
8010
13500
50864
4602
64190
52980
8604
51194
57610
1716
49386
52524
13138
62848
11788
15692
53128
7854
54272
53282
2328
56558
50790
13416
4456
56214
3486
58278
11990
4840
56458
49356
2112
2142
55974
60012
4520
236
53004
56810
4628
64196
54330
5518
12250
54434
61972
7602
8998
61710
10386
60758
56028
15538
15632
56124
1052
1762
64786
53704
4950
4358
59340
60662
2398
14512
58182
10036
64862
52562
11210
4740
50400
16332
52850
57624
58406
2614
7745
10995
55050
3452
54152
3072
8602
50710
6180
55822
63964
13520
14260
49638
58274
12294
10212
50636
64302
10588
15238
59902
52876
2430
57862
11466
12886
50600
2054
50706
52438
7404
2148
61924
16056
62420
51210
9118
3486
51386
52942
7868
14450
59360
1132
32760
35918
42196
18146
47034
35962
20892
27440
41086
34940
18542
20441
19495
38574
22524
25924
42670
28074
33110
36598
19118
34686
39350
21836
39794
35434
33082
18814
21280
48482
45138
30372
48604
17534
33594
28026
44012
42050
31382
33178
34562
26732
33018
47858
32146
20700
37874
43760
23068
40230
35600
19506
19724
33286
38860
22088
31129
20889
19967
36296
36528
24578
37828
18565
19743
21727
24310
17349
17557
18583
41166
47434
28656
42398
34336
17058
21422
40044
18844
39350
17950
19762
39836
33602
19122
22670
44646
35696
17070
34054
31320
44516
41182
20466
26180
48572
35468
30568
19468
36590
40980
24628
18526
45042
16684
18186
34518
42216
25982
39946
31608
22700
39948
46144
16620
18000
46446
17850
33840
34068
25426
34686
30752
44558
48604
17936
21704
41542
46096
20380
21640
37538
46910
23214
23224
19256
34936
31696
47812
33406
20730
44932
44526
23876
41246
19496
21458
36908
43696
23156
23118
33972
44344
19456
21976
42708
46706
29656
35066
49042
29966
30686
34606
30196
34806
35358
26788
46566
35154
20094
25034
33640
21524
32260
34224
37248
16500
34218
40732
18940
35372
32878
32582
22136
37770
39516
47144
26276
18068
40948
32102
22136
41804
28248
28258
43962
30984
35408
45190
27812
37174
16404
21330
43330
47352
18562
25858
41744
45908
19358
23450
41106
37836
18344
47444
45878
21780
32742
39130
49146
16426
22296
35104
26970
30482
37538
39016
26530
30082
45450
33680
28270
33638
36884
21209
21481
27589
28099
20255
20553
23416
31537
43638
34652
21802
25040
33208
25404
29450
33840
37344
16496
33818
18086
42594
44472
42686
30620
45016
27648
41696
41658
17688
36386
20830
21728
44634
21005
19571
27345
39538
34150
25930
30576
37208
20984
28472
44020
37564
19002
39750
18294
35102
29380
38978
27116
36722
37366
19064
26824
45400
38750
24650
32624
34466
17656
18416
44452
33862
19240
38746
37400
29646
23564
47754
43008
31492
49122
35304
19252
43482
40900
22524
41940
18942
41378
21666
39778
22116
22816
47474
47002
32016
42290
44868
24356
17692
48770
44968
32290
30246
40790
27048
36824
33824
19732
29634
48554
34616
25128
25624
30588
47732
33044
20544
24804
33110
42340
30988
20950
33788
17201
23744
44030
17892
33994
19458
39546
47258
20374
22994
39176
38068
32044
47848
42486
28370
22356
42278
45362
17544
22746
42198
21598
17424
32986
29856
46156
36698
21624
28246
34080
42254
19978
20182
33778
47604
24104
26546
33308
20904
18232
41570
32872
28370
30688
37000
20933
25557
28405
32309
25584
28237
18619
43862
47524
26234
19772
32896
36026
18520
29794
34582
48964
20348
39788
16762
34282
47356
47614
18560
37760
23080
24610
33264
37150
25320
19362
44006
35556
30216
26916
38348
35002
21677
18365
20873
23155
30149
30882
31679
35110
41686
21581
26128
26271
17109
18201
18715
47176
35332
23298
32990
25568
19570
47926
20544
24338
37358
20666
32838
19616
37494
35312
26208
44482
48822
19412
29610
31410
44696
21008
41356
36954
30482
34618
33636
44062
18760
23810
33538
38696
23302
26578
36414
33242
26864
41764
51800
52394
116
242
61512
11216
51514
16309
13781
14325
15088
58032
8740
50274
12598
50280
51602
15958
2942
53088
59450
9768
63508
51940
2158
4434
63750
50812
10416
290
61100
50812
10280
50742
63254
7204
57084
57604
11864
52520
51288
7578
49658
55872
5792
7242
49362
64484
4870
54292
2178
62086
3957
56648
50286
12770
522
49346
7727
10019
15574
57580
51494
5200
55468
63220
1484
2168
62972
8882
10550
56044
58224
12598
59320
1718
9898
63138
4512
16062
5830
52672
60288
6980
236
52296
4358
4378
49994
55604
65130
14188
64934
1168
50286
64644
3264
53680
58580
61432
64584
306
61434
56706
62698
10900
57212
13942
54266
8810
58894
62820
1406
61216
64606
4304
56758
59022
51620
13870
49882
62864
538
578
3133
16041
62100
64396
2372
50416
1112
57686
64734
12374
53868
10990
61778
56764
5240
53966
13300
546
60596
16130
61234
2100
51472
3538
4236
4168
52080
58984
1828
5028
53916
60584
2328
8038
53934
60414
4512
59594
64608
2054
8306
54338
3886
52432
9020
64360
49506
1884
60976
54060
8522
62456
61234
7962
55140
8184
8194
57876
58994
960
53174
6346
56658
59374
1702
14604
51240
51376
54402
4532
13716
59392
53956
7966
1639
60230
60520
4165
5972
859
62480
3338
8388
62804
64570
58980
9216
56332
61032
2510
13222
64158
4294
50966
49818
3640
9940
56764
5150
55234
2430
64610
51970
12770
61386
50978
10899
11577
1836
4145
52522
65204
7926
59818
60842
5616
7056
63828
5686
15958
65338
2054
2794
52770
2540
49352
59296
3392
56738
2168
9664
54192
2514
63808
51688
7470
64346
50402
13856
52392
8686
59494
51788
8780
10240
64562
572
55206
52540
5284
4160
56438
60596
14658
63154
63236
6094
50686
53204
5004
54112
57512
13204
53666
15790
53306
55062
3598
9353
7277
14883
15065
65264
65366
1054
55974
65014
6980
9170
50152
11412
56558
8798
15746
54488
58366
10026
2754
64868
64968
6614
59724
59766
64304
49164
40894
43812
12204
13888
57772
59210
414
58629
59374
50471
5700
8582
63950
15534
6288
50536
50571
5402
9890
62626
4854
61386
50210
2580
64452
842
128
50465
50791
58273
60287
61883
62327
65309
50535
59181
61289
63373
1622
4506
62420
5086
50780
7552
1872
14442
52189
58315
52380
11816
58294
57718
5988
50222
55136
956
6812
58152
64782
8548
55906
51278
8500
2914
10684
51806
56166
7020
13110
64566
50290
5398
4686
60796
5726
15090
59154
1906
55292
9852
9366
58018
13074
54778
49618
5410
15356
51554
63930
7680
10366
7722
62308
63118
430
10504
63064
804
7202
58018
12862
60960
63640
12532
2386
50893
51753
51480
60181
6210
12240
52274
11734
15442
50384
15466
8266
58675
58976
50753
5458
50634
52896
61396
8914
7684
60956
65340
8188
55482
55950
10530
12626
1024
51287
53299
52878
53805
14624
7476
53280
58862
7444
61768
53962
1736
51042
3732
49476
59890
1280
14774
50166
12096
5714
63174
558
4440
4808
49810
9478
1736
54678
8926
62628
54768
3524
13696
59346
62832
3818
1292
55992
51278
412
58806
15748
15704
54904
11450
64156
64572
2908
7928
63370
64482
890
56054
8554
7276
58619
63249
55665
64543
64853
50011
53021
53199
1200
16084
63634
56742
4422
4714
50302
54390
10374
13654
60130
61336
55356
50704
13006
52172
2822
51540
54982
11268
59778
50340
5300
56872
54150
3754
52171
52824
5766
6008
51352
15836
10564
58138
53080
15954
53664
55856
5114
14128
57312
64354
64950
9184
16040
50940
11262
50674
40858
17126
21098
35390
43366
26992
47426
19496
39048
34858
26582
20438
45812
41260
24034
33598
35574
32632
40692
17244
22166
37084
32714
41818
18740
28528
41928
20408
40714
44304
19754
33815
47261
48787
34638
35281
18340
29306
44796
48166
18432
34822
27624
19340
38384
21966
23172
46936
47116
28330
32784
21070
34998
18402
21166
47832
22060
30140
35382
36530
22962
40246
35324
21286
31424
37300
31546
33540
34616
26590
48636
18468
24656
37806
38892
20674
46332
49112
41510
26690
27388
48676
23222
17812
46382
34110
28640
23246
39240
26346
32982
33004
21610
26470
48810
24814
41192
22360
24082
38770
47256
20944
31444
41904
44652
24372
18556
33030
37494
20514
21716
42096
27260
28174
33447
33068
35033
17136
17930
43628
48736
17362
25530
42456
32148
42622
46082
32046
35350
41600
23290
29362
46632
34150
58750
61476
10794
49394
11094
4854
62038
4654
6756
52518
55712
342
50572
3962
49430
16356
49394
646
59427
59635
60987
55589
57029
59239
59839
61149
61249
63479
63575
49205
52143
52173
6542
53251
52986
61011
16054
50516
7330
11946
59416
62336
9832
52526
62143
53209
7294
14320
57056
408
9918
50464
56739
63339
6086
9792
55580
50468
5434
9954
64420
8848
1212
58372
15804
55746
62264
608
1292
53038
10182
772
63994
9874
51320
15534
12096
62286
1034
51288
61782
8014
53784
51258
12968
5284
50727
51303
57919
59255
49455
63817
64279
51505
52255
53785
53795
9554
14416
57007
58130
9742
5820
52560
54930
7486
11610
54782
59616
14106
14408
54956
7676
4884
56184
49930
1980
15870
55792
54404
274
3582
8880
61924
3212
12064
65278
51846
15618
2656
58786
64592
5582
11344
60452
52798
15520
55230
55304
1782
1572
52030
63556
6766
15644
50234
60746
53236
7758
4272
61750
62668
13366
13738
14478
57972
8288
1468
52716
7862
72
50104
3044
1020
64600
53258
3914
49370
7038
55078
3618
58656
64604
3822
56772
62308
4376
12142
26
55322
56082
3572
59980
55582
9826
53170
11366
63852
53198
3134
51294
2370
63656
52638
6582
10748
64505
59410
54103
4570
58922
150
4686
14954
52846
1162
1498
61310
10298
63554
52342
8920
13090
49926
400
3006
49442
16182
10878
53842
55494
6612
64020
49154
50624
6968
12584
50183
64867
51084
7542
1056
52262
54212
11422
13488
53542
53882
11156
52684
52104
6850
51582
1876
64250
9218
55124
4646
25014
16634
33704
27158
17546
48416
45584
20634
44180
17222
19944
33464
22510
17946
39090
29264
29972
45340
24872
20138
34776
16424
5750
59714
3500
11274
59816
62196
3200
11368
52800
49528
13826
9828
58682
60102
15572
2504
51766
5002
10666
50674
1978
54187
55736
8724
13728
60956
9668
53242
55148
8354
13544
52750
51826
11462
13396
62924
49878
8164
58558
64612
7726
5382
59934
52576
6542
5622
49482
56288
9254
2436
51353
54675
57621
58420
42030
16492
19162
43312
31820
38740
24712
38976
19260
30114
44232
18232
21456
41848
34824
27940
48558
22876
26978
33730
35422
29858
19904
46648
16946
22752
29876
35640
20782
34919
39949
40405
41503
41511
44279
44691
34325
35953
42291
36661
19172
35570
38206
17412
26456
36436
29010
18194
7374
15354
54390
51298
14290
51042
63860
4444
51836
2870
13412
3484
54102
52540
3976
5074
52389
53691
56227
58079
64547
65401
1000
2324
49704
50464
430
8936
52962
8398
58516
61348
12958
12276
53990
5716
12466
56374
540
55067
60987
54397
57307
59379
5690
51736
52466
6210
5246
54520
11204
8918
53796
1076
8782
50558
2156
782
55734
65374
7172
3112
62040
49450
7488
62022
15272
13008
64984
51000
16374
2234
2904
53744
842
14084
56440
12294
15242
7650
11368
56326
13616
53662
56200
11194
4882
49268
50533
4290
51318
7140
7062
59002
15030
530
57773
51581
53363
58819
1364
61734
842
54834
5756
12442
49582
51782
12678
14696
51814
9428
50210
15796
52996
6556
3472
56050
16248
49720
1918
5342
55152
55480
3322
14118
50722
59850
12536
58582
65234
3220
62550
4994
4088
61832
13964
15572
62402
49980
4344
62290
7262
9922
58274
1286
50122
13934
2122
64280
16186
2216
49674
4736
50302
2878
4088
59008
3346
63748
53738
5652
3820
52073
59044
60439
1074
52430
9012
51258
8378
1134
54944
56899
63783
3346
58040
7612
2014
63292
9772
14366
60592
63360
742
52526
15694
9318
60684
50700
12508
61484
50690
15034
61228
1894
5950
55314
2246
10758
53754
12656
52986
3158
62932
8554
61392
13006
56370
60382
1810
55823
60289
54768
1820
16064
64464
848
4210
49286
60478
4088
8352
2846
54546
65234
53100
12786
9962
12452
57016
14152
11314
49676
59288
5882
5910
49502
51042
8196
63690
52818
4714
56678
64564
2624
63830
53864
540
11614
53502
63894
6872
49632
56214
180
2888
58420
13212
51366
2042
7390
50976
370
52027
52603
63703
56309
57667
60339
63989
50801
11790
49184
56174
380
15242
60452
15572
53136
63882
12394
15690
51766
6270
15116
56695
50350
58535
7256
1006
58626
1826
4054
62784
3276
15098
51770
57457
2234
61946
5922
57546
8822
52366
57594
12672
12232
50708
6
1790
60168
570
50134
65484
14226
1018
54069
59191
59375
61855
62265
50785
56921
59523
60559
12064
52350
10486
1060
52743
55849
58202
3144
15308
51128
57606
868
11770
57684
3398
64867
55970
14424
54320
63794
6446
1546
50564
52736
11174
60740
54296
7080
9308
58754
5580
52610
16162
55466
60336
15720
3552
58098
14676
14370
4716
63543
58676
59493
52885
2536
50288
10100
13408
50238
1162
4652
58000
3852
62966
50222
4048
56808
5380
63568
354
3658
8452
59912
2870
11434
56784
52798
14556
61138
49366
6806
11702
53142
9048
3286
62046
4274
13172
56556
60177
51941
11340
49660
55976
50814
10140
15676
62586
63640
13126
58472
52158
13676
52768
14698
3716
49350
50533
62565
64929
15654
5040
61004
12760
186
51218
60362
5488
12098
64322
49388
1302
8106
14608
51240
54792
52798
10632
52416
4860
7612
49394
10266
14558
61026
40128
19034
23130
49144
32288
38346
22166
25572
44522
16468
39738
25726
19240
32960
39122
19498
34702
39660
25406
44274
16886
22646
37638
37066
18248
19508
36000
38360
17918
18942
47212
24722
16690
42922
49004
21368
40050
37260
24116
38412
42242
30466
21198
37992
34434
27682
47895
47856
25726
26286
45254
38431
30408
38502
18198
47992
19774
28896
36236
23464
35700
48990
34906
18154
33936
20126
46466
25112
18210
37578
38582
25938
30746
44610
46100
20340
42826
18736
46644
32664
41938
32892
20144
24092
34596
34788
18954
37574
38364
24736
42062
43222
19134
30016
33536
18988
20478
35554
37035
31414
36546
34410
24242
29082
34040
37404
18364
23424
46328
23424
26216
41000
45366
24658
24142
42036
36788
32312
34570
39962
30242
30972
29216
35780
33786
19114
37570
18426
47193
36027
39974
19114
26126
35382
34451
21470
35098
40436
17020
44350
18676
18920
35646
39684
26682
42758
34712
21614
33414
22276
36364
48629
32660
37712
20784
39382
37460
16798
30986
25812
36092
44702
18974
19864
39942
42464
32386
23690
36646
38994
20842
29228
45870
43528
22480
29976
37136
18222
25640
38134
38154
27666
47266
31100
37772
26626
27850
37276
37996
38716
22596
24068
36150
35102
23916
29028
33340
28132
17470
32788
35263
36817
38225
19012
40355
45538
18442
35020
47916
31740
17172
45196
17654
32746
33924
17696
26848
31386
35622
31060
23606
37332
24034
35573
48974
19516
23302
39866
22646
36018
48629
44679
29478
29518
33710
46174
18890
21374
33552
23414
19172
36182
24714
35798
20508
32608
36574
44970
18742
18978
35382
36132
16650
29960
44752
22684
18968
37374
48174
25744
37668
38338
39088
22574
41656
32362
46440
22546
16566
25524
39372
42992
19908
43712
33088
16936
45102
25910
47288
20464
30210
46968
20338
36040
26656
30448
44962
28828
40426
19772
35384
30624
35822
23206
23366
43326
23454
25234
34442
36978
25406
39372
44664
31842
33362
32904
17236
29792
33114
40772
25278
34610
20834
40512
21650
27272
27606
47222
25102
42636
25700
27804
44766
47146
17690
41962
39984
20686
39414
43014
35200
19054
40260
45740
30488
31250
34199
41023
41326
35581
17148
28274
47338
28204
33960
19746
29314
46088
22934
19284
45075
45183
46713
47675
40825
41575
41587
45537
48105
20684
42573
45681
48709
35745
35785
38943
39355
43795
47225
47525
33071
23966
24806
42882
35390
17118
39382
46018
46778
17850
26114
48652
26650
21562
42046
18244
30486
502
63756
52344
5812
2244
29830
35382
24878
43966
39855
26354
48974
18198
28962
37866
47334
28724
44488
44786
29304
25782
41562
49026
24640
37224
21002
17584
37680
37634
24154
21498
34470
47582
20082
23870
40012
40098
22046
30864
19280
48284
23452
27376
38865
38908
42255
23414
24436
38198
31850
21110
34084
21240
43718
33952
28816
41222
29374
42096
20294
37170
16896
28848
18770
39510
26682
36671
37261
38235
42383
44865
33949
38861
42447
47405
37387
21196
33454
19078
35754
37904
18646
41684
30812
33420
19394
28566
34986
35706
27750
45834
20084
17716
33608
28588
36100
18072
16782
34286
17714
17222
36698
16444
18258
33162
36710
