1425
2111
4093
5299
10637
11599
14419
16353
4689
52220
57924
53170
5889
6257
1625
2919
3785
5601
11517
13611
14089
5337
58702
65376
81
3671
4943
11799
2197
4337
5057
6117
12287
12867
16365
16377
33
773
50738
59842
1431
1741
2811
12223
6187
10435
14601
15797
57130
6341
7561
7581
8211
8301
10645
5317
6559
9975
12125
13475
15943
52768
54696
1953
5341
9395
10105
16001
16011
4183
6295
6459
13417
683
2047
3785
51434
51608
5235
9269
3347
8783
8813
9957
10677
14433
14805
15863
829
1529
1549
2269
4195
51318
871
3481
4321
4931
5061
6089
6591
11249
4861
129
3833
61048
62168
11445
14341
7739
9229
14441
14791
15427
4085
4663
5283
49866
51866
5231
13185
13773
465
1897
4357
11263
14357
14869
3285
5335
52396
57444
54384
61
501
1863
2005
2641
7201
8221
9791
7143
12699
14097
2413
5143
61196
63246
1448
1461
3265
3691
4933
52376
4767
6189
9613
15215
59
1131
4227
4513
5811
6013
8203
16205
159
1951
51450
8211
9841
10644
7793
51666
57216
52396
9573
11281
5024
51216
51904
2300
3030
819
11051
13161
62588
153
1125
1569
4158
3543
50322
1438
60226
128
233
3685
50068
57588
62226
5129
5241
5931
6621
15507
16237
987
2227
2417
2937
3137
3465
3717
6757
7477
10127
10347
11557
11807
12267
12967
13687
14777
1373
2093
2933
57664
28
8655
60352
50644
705
1331
2161
4631
6461
14391
5247
10147
13729
5083
55282
64262
50978
1450
2900
5060
57198
62984
6597
2020
61564
7511
13407
3925
5233
13523
13756
14429
51562
51852
698
13553
13563
13621
15061
62402
51026
561
643
1861
2111
4041
7711
8461
8521
13611
4213
14975
477
1277
56716
52036
12035
16057
16077
1449
2575
4028
58534
51570
161
171
461
601
661
671
841
1611
1671
2013
5575
15043
1731
1791
3941
50262
857
9249
13141
307
535
7549
7567
11469
12709
52082
4852
6079
7643
14637
1433
3913
5193
59000
58620
7
245
317
3887
7897
10467
12313
13607
14987
3593
5387
51312
50956
14889
15913
2903
3263
4481
5091
5167
8189
9527
12885
283
57622
6239
11893
13273
15317
6903
6999
7059
11983
363
759
58082
58332
887
1435
2155
10115
12595
13793
15847
59
8123
14841
1907
58968
10085
13057
13965
14497
6469
7587
9367
13297
31
50528
52276
2271
14737
871
1293
3549
3977
6451
1735
3015
3165
63986
10987
1521
3269
7503
12926
14933
3607
5095
61938
62322
63644
2768
2937
59872
5362
6757
14581
2089
3297
51354
581
1111
6321
6837
13797
15111
15657
167
2307
2533
7655
8485
15553
15857
19701
20155
21683
24089
25721
25935
29013
31945
18537
19259
19741
35796
41734
43496
17052
19685
48060
18884
19664
20254
41444
43656
42478
16413
17799
17951
18519
20579
21191
24121
20169
22585
23645
27187
29087
33388
16733
18617
21301
25815
16673
24531
26423
26671
28573
28871
29493
29591
19899
21599
44932
36140
20333
26393
19971
20691
21084
23251
25741
33998
17809
20311
28473
30207
30217
30927
22403
16737
17477
42896
46656
34344
19413
21319
27993
29615
31195
16727
17743
20079
20415
20951
36990
46262
16592
16965
28089
28109
45866
46652
47424
16925
17595
17849
23445
29721
30025
19609
21405
23711
25253
16607
19173
43450
44962
16905
17025
17635
17705
19155
19765
24709
28991
17449
18819
24957
28621
47652
20975
23987
28943
31033
17791
22705
23841
24311
25091
27461
29371
29641
21161
42474
42748
18612
30599
37484
34770
19335
20361
24719
26699
27885
29469
17271
17707
19203
30009
17267
20287
47552
23615
25863
30188
37182
20027
29831
17805
20703
20751
24275
27433
20321
20479
47870
36154
17291
27537
30323
30563
18273
24777
16945
17049
18559
42664
44460
19191
26373
30377
17546
18266
18986
21259
47956
37150
47640
20091
28221
19742
37726
16922
16947
16955
16985
30205
30239
36930
18875
26205
27177
31325
19301
20477
22841
22881
24961
25101
26791
27791
28983
31131
17847
19307
34600
33926
18311
27510
25619
21001
41556
20643
26505
28859
29551
30637
17991
22835
25467
27227
31427
18431
38822
39876
22553
19731
24973
28683
29203
29841
30625
17979
18447
18797
20307
21017
41214
33918
18670
19171
19191
21351
21585
21779
33602
40652
37238
35224
17524
20337
35448
32776
22741
23933
24923
27823
28573
29131
20789
21255
26017
27199
17183
18019
18111
18121
18773
21711
45182
21685
21705
22303
22645
25789
27219
30945
32425
29241
30561
31083
32455
18343
35420
44804
21471
29721
22323
29801
31241
31301
32081
17997
20647
21081
21091
39762
16389
29697
18345
28610
33062
21945
20898
39578
48916
19679
29817
31843
31997
21431
26321
30523
31863
17939
19169
20703
40372
45344
47498
22323
23505
30905
31297
32345
18493
19991
20001
20837
22083
27947
28511
38086
16995
18761
19551
29305
31489
32079
16551
17165
19105
19421
22215
25191
44646
40252
36872
17385
23109
27155
27429
29355
31445
16541
20691
21521
27027
17737
17747
18467
20657
37474
35770
34062
18509
22073
28227
28731
30019
17287
20493
23017
29211
29231
35264
47006
19181
20697
18151
24591
24991
26723
26861
28571
29025
16957
16997
17687
17777
19457
40302
34842
17099
18047
21157
27015
31953
32521
17383
17781
18989
29573
42448
37760
16469
21745
24648
43488
36032
17100
17830
19287
22130
28599
33220
40820
17395
17477
17715
18807
18977
20197
23015
29475
17201
31769
18333
18607
19125
35924
18715
18815
21463
29145
30795
28167
28633
20351
21081
21467
36474
43344
24251
26613
27659
32178
46588
39920
17635
21545
21645
21675
24415
29309
29763
30105
30461
21001
31807
42590
46588
16885
18901
25039
26415
28819
19065
19657
28415
17671
33452
44594
23923
28007
30079
31095
19871
20325
26351
27227
31911
17817
42016
17559
28781
31397
16757
20123
25853
27011
28101
29551
30443
30591
16767
47712
39052
18011
21029
24299
17043
17515
17575
20113
17233
21097
35100
36966
16853
29199
18151
21774
46512
32890
16565
17265
17285
19777
21535
22295
22367
22821
25297
17635
17655
20575
23049
21357
36664
39482
29753
29895
30935
20091
22395
23163
24007
30215
18813
21321
40026
46382
24581
26987
27343
30203
18055
23011
23721
28569
29279
30019
21761
46156
17849
24841
30561
16635
18479
19063
21345
23261
35082
32770
40138
23563
24577
27569
30165
16959
17041
17471
18511
19117
26301
18437
41608
45450
16387
17089
17099
17737
19237
26163
16597
19125
29139
35526
21467
22241
23717
28733
19571
20187
20217
21047
33322
34342
40732
44776
16415
18505
18835
18875
19791
24215
24269
19797
21801
24545
27545
36056
17089
18683
19995
24005
24047
24767
24907
16677
19279
20157
20327
21047
47884
16601
20891
22961
24329
25831
28633
30801
31511
18385
19917
21679
22367
25237
25939
29867
17621
19005
33596
18613
20643
24883
29763
16575
16715
18765
20379
20493
21755
28325
30655
32167
44174
16575
17995
19315
22145
22285
23695
32185
22705
26987
29729
31189
32061
21203
41208
17785
18565
26455
27165
20091
23951
25791
26041
31511
16527
16537
17875
18797
40524
44162
16421
17881
18469
18489
19301
19341
23439
25619
26811
28881
30401
30461
30791
32071
32321
16407
16987
18457
18647
19257
46564
18545
32663
16935
21651
23275
27315
28101
28871
31031
17467
18257
18897
19577
40662
34658
17283
22843
23577
18087
20767
26889
27639
27999
31417
17625
20341
39558
46068
21635
24045
25267
26285
28445
17677
18651
21167
21721
22123
24591
26515
27263
27983
45344
48630
20861
22549
23885
22443
23941
25381
28775
32323
16911
21701
48618
17934
18353
23451
24709
17847
37092
37362
16455
16475
16505
17145
18625
19265
19315
20035
23883
26103
26113
27955
29651
29851
21789
22139
22877
29217
31859
17093
36474
42550
22543
26682
30843
17689
22649
23459
29077
39470
41476
17357
17969
30453
30479
31321
18847
20099
20319
22487
23325
24727
24769
25447
26335
28707
40646
34818
19823
24283
27093
27659
17445
22593
26405
29097
18111
18163
20471
20821
34934
36666
20554
25604
30759
34540
48558
21825
25191
21017
21664
34172
36496
27591
32183
17139
19267
20664
36462
45724
28737
19718
45670
38314
19055
19075
20245
23065
23785
28515
29603
30615
30625
16421
16711
18141
18851
19381
20261
20751
23141
24341
16685
18657
20067
20617
21237
21497
37494
17959
25815
26389
27151
27929
17135
23199
29171
18917
47436
37872
21067
21097
22307
24331
25485
17081
17709
20741
23261
24883
30989
37080
39068
19015
20246
24183
18491
32801
33482
33489
33492
33512
34162
34182
34202
34892
37082
39219
43665
44277
33805
41911
34564
36679
36694
37444
37454
17181
17779
19425
22411
26505
16515
17821
23497
30007
30795
21173
37300
18599
24109
28155
30525
17521
25381
26817
31341
19025
20197
20907
44812
33334
25925
28685
31657
17431
18011
18081
18871
18947
21301
21621
22341
22501
24671
26051
28291
28461
29741
30361
16437
17047
19817
19947
39432
42940
26491
30307
31573
32231
32651
17645
18849
20249
25237
30937
20301
21021
37608
39558
45878
22459
26009
26681
28483
16605
22879
30245
30807
17471
20307
41584
47552
18459
19587
20689
25129
31719
18829
24863
16971
18331
21649
39378
33590
17099
22841
23915
24647
25701
27071
29681
18959
881
1161
2241
2333
2793
5301
5571
10507
14561
14679
1047
15137
15867
4323
59294
62774
4389
15017
15069
15569
15937
793
1525
3243
5825
8645
11093
11243
1889
2629
3001
3061
54922
13877
14567
15297
1241
2765
3913
5257
6375
6697
7095
11183
14075
295
59448
4869
4949
9799
1541
5141
5509
7923
8855
8943
12389
16365
1897
4557
57296
3665
5187
6829
10381
11435
15381
16251
5521
10641
589
1641
3167
52710
57052
11757
1585
2422
2997
8909
54560
51972
1763
7725
8867
11285
49
1401
6191
6889
14519
895
1785
2325
2905
61134
4667
9014
9709
11637
7619
60312
6781
12461
1757
5209
5749
6039
6197
6927
8519
12239
12475
1651
51754
49418
281
1081
2165
2871
13003
15105
613
2497
4857
5641
11499
15939
56066
62982
3555
8849
793
4861
7259
12841
15703
945
1555
2375
62458
51788
2187
6737
8501
12281
13571
5231
8459
9603
12315
14485
54100
57106
2135
5979
8217
11275
16265
5539
10553
11253
12095
49200
55680
4641
10105
13491
13817
14817
14875
1079
3715
7753
8423
10047
59466
55728
51136
5763
9681
5893
1012
1022
4287
4925
54330
3019
4797
7895
10887
3881
4727
10083
14261
487
1415
65232
52530
2813
9957
73
5073
5783
11093
14933
14953
679
801
1567
1737
53020
815
3013
3871
7093
8693
9769
13287
13579
5437
1529
1847
56506
51210
41
2395
10835
13075
13955
2723
4259
4979
7487
8515
9235
11803
16081
2783
5387
65350
12150
12180
13353
53130
189
7219
9133
10653
14549
15683
289
6907
9715
13279
635
2237
58036
54302
13981
2560
53746
53000
1403
4467
7501
12273
13981
14711
2513
2917
3211
3617
3627
1127
1455
1807
64730
54330
25
31
151
851
1631
3051
7271
8031
13665
2115
4195
49336
735
2347
3739
10169
11589
12439
4039
4521
8427
11741
13363
65380
16017
7283
10324
52354
62688
4657
4871
5719
7101
10577
4551
8027
8047
10329
15197
243
4833
54430
57388
601
1825
6411
7305
10051
10781
13063
13661
1085
1487
9755
11945
15167
15177
56092
64948
441
1073
1171
2135
5827
6539
8647
10117
10837
11683
12259
15855
54890
61654
965
2451
2541
2631
3291
4041
4661
6891
185
905
4327
8677
8825
4051
5139
57402
1039
2875
14373
15093
15821
5849
6677
4327
4723
51302
60764
715
2141
8657
9281
4745
4839
8325
15079
2053
56046
54016
2925
3865
5433
8983
9763
1317
2931
9017
9455
13815
3051
58454
51258
431
461
481
1121
1751
1961
2023
2921
3201
5301
5541
13177
13797
14187
14195
1101
63376
439
6747
10901
12427
14577
14627
363
2603
4653
4663
4783
62286
4288
10781
12427
1359
56840
61768
41
831
2221
2271
3631
8551
10121
12015
14381
2141
3915
13631
127
877
52678
51062
6757
7111
9221
15111
17
2075
2337
9063
9083
9561
4687
63422
51790
8083
11149
12549
14228
2649
52336
62162
8590
14395
15100
4483
9483
49156
49826
49856
50546
51276
60101
49555
54745
58955
59375
51093
52357
52388
53757
53798
348
14319
62492
8306
4967
7697
11803
52774
50764
5291
5909
9101
9583
10029
10699
15049
1281
13427
1303
3977
55452
60720
695
12679
15917
15530
16081
55254
60806
8393
11723
14127
15435
1215
1225
8987
10759
11189
12907
52742
54338
7467
12003
4761
4853
6409
6599
8863
9643
11109
469
3387
53410
57154
1041
4741
5991
15879
235
3617
4047
4367
7023
8217
8359
11547
1303
3493
52342
53114
1375
4960
4970
12930
14485
49706
59028
61676
1237
9247
15185
83
1503
3703
4401
7253
7413
13053
15163
1237
4561
61752
50212
675
2337
3449
4277
7067
8777
11797
2273
4057
12963
13511
15173
229
4349
53004
55708
53018
1405
3297
8421
10643
11341
4491
6917
7877
9677
15809
1797
62140
59380
7521
9621
10033
11853
12441
12977
3987
3997
5407
6639
8327
9907
12917
241
1525
51002
6879
7053
9039
11089
11253
12315
16071
6633
10271
15703
427
50372
51944
1013
1549
1841
1881
2989
7501
1497
3657
7877
8657
9681
11967
15697
15739
49862
65294
6491
9416
14789
14799
867
2337
52414
63428
7614
9591
15683
11189
59136
63554
9852
16072
60012
58530
5883
8977
8987
12027
13745
14795
15137
15865
8705
10063
12033
59434
4181
4201
11617
3031
3721
8633
8673
8767
8787
9497
11667
13141
14215
65098
59494
923
2754
4257
53244
1393
7101
12337
2039
3729
6341
10685
13363
14265
5387
54512
54686
8619
9331
9773
10861
11479
11591
12281
15091
1335
1575
1925
3425
4193
4903
10217
10739
10889
52508
5959
8463
12725
1593
6135
14948
2215
56252
4067
6621
1497
2257
3185
6105
10153
15307
5387
57184
60744
14893
4175
12069
15155
197
229
745
951
4213
62528
1199
1837
2895
4919
7819
8211
10677
4585
9633
12233
12913
15429
2789
3081
55970
57426
2319
8277
10191
3729
5929
8869
10991
963
3933
4663
50146
53494
758
761
2211
7981
1879
7629
2537
50482
365
1401
6513
7015
7731
9351
12617
5573
11037
62798
49918
311
561
1201
2761
3861
5681
5771
13477
15357
5079
6027
7249
5373
61994
12887
13401
2357
7213
7417
8501
10257
10327
13947
16069
3699
3983
4623
51672
61240
5753
4404
12843
2393
55594
64002
3018
49923
50593
58813
52077
57399
60809
62767
62869
64129
64279
64839
52461
54295
2680
50327
52465
58253
59421
59509
61893
53307
56739
59659
60761
50537
788
50835
54101
54491
58907
51251
54489
60169
62169
50235
3888
6728
50953
60063
62751
63103
65093
65351
51925
55407
58259
59621
51503
4944
2526
4892
52709
62401
64489
55093
56737
56853
57071
58743
61123
63515
64973
50097
51191
7634
278
61775
61985
50443
57253
60091
60363
63691
50765
51849
472
858
7604
52435
54953
57043
59611
60651
62955
50909
52291
53849
54517
34029
45265
46015
48463
36253
38981
43963
47701
34601
36671
37431
38131
19976
38663
41264
42765
45157
30514
24004
35353
35941
43535
34679
35359
28488
29268
33009
33549
33739
33909
35649
36119
40743
42269
42979
32845
35449
38631
46429
34055
28488
32060
36841
43924
40393
44263
47083
22704
38971
39099
39377
44481
45649
48689
33981
35685
40645
35435
29700
20916
33817
35187
36837
48951
32989
37448
19028
32896
22684
37255
48537
48565
34363
37301
37433
47711
48253
35573
37947
38145
18634
31832
35369
42416
47341
36705
27828
31374
33463
33795
34093
36095
38820
57681
54152
11444
7270
64071
65031
53759
54239
56245
56639
58609
58809
58849
59559
62919
63239
63879
64549
51245
2688
49847
50519
51979
55631
57667
51355
53293
54167
51471
54487
2560
6332
52881
54549
61777
63129
50253
51003
51205
57593
58145
58465
64085
52207
52987
6888
616
3690
50663
54948
62529
2596
12550
56085
58633
65289
59413
60259
60329
61119
61751
51235
52205
52715
54423
3986
49375
49867
56617
63945
64685
52543
54773
57495
62221
65303
5656
8422
51517
57762
64252
1256
5316
49538
56283
57599
63275
374
52393
55933
56085
57009
49317
52799
55209
58449
59209
64859
49155
50803
50903
51995
52825
54413
13194
9878
49183
54647
55763
59847
60929
49999
51419
58683
59193
64097
190
1606
49837
51317
52313
59923
65453
54459
54587
55029
55759
60729
52409
52891
1864
2172
50590
4356
8788
49193
49663
51343
53115
59225
62313
63043
64895
52537
53849
9070
54442
12648
2192
58421
61431
64733
49773
50295
52161
60269
64829
5122
54443
54463
57273
52869
53731
56047
64869
49185
50671
51177
53075
53947
5006
55135
58101
58176
59987
60267
64807
52289
14922
55813
64509
52304
64523
52065
2054
11218
4696
50480
50583
65505
52899
4690
51413
51563
53343
53743
54293
55403
56865
58373
59323
60495
63393
64363
65527
49979
53739
57869
63559
52227
15674
50497
52519
55099
55109
55431
57591
62219
62533
50605
55883
55957
59937
64685
5370
6116
55835
57009
57635
60175
65145
52801
53997
56195
62931
63601
49777
51797
53997
9554
6266
12342
52341
50272
1620
3164
49157
51809
55207
56529
63543
50433
56143
56737
54257
682
14888
54469
60134
4796
12966
50119
52322
49509
50277
7022
53949
58743
62631
53411
57511
58021
64973
49935
51123
4630
1780
56722
59325
52399
54469
2584
3824
50265
50719
52369
55235
49257
52603
53577
55333
57847
57907
49961
53849
6814
1462
59559
62825
65257
54271
55373
56401
59093
60153
60985
61833
64665
64951
14054
60155
62393
62513
62865
64753
50639
59079
59721
59919
60045
63507
2420
5850
50053
57275
58655
54195
57417
57545
61285
61975
14944
51546
57265
52985
60143
16180
64855
49391
54972
2266
3632
5038
50123
50567
55133
56483
50039
53007
54249
57175
60323
50299
10282
12672
49463
49754
51023
51489
55489
65341
9420
5716
11210
56093
56213
58703
60411
61871
61933
64041
65501
49671
53245
55675
59469
10348
51621
53666
5100
50587
50343
60490
13106
49177
50049
58565
62363
55485
56533
57395
62983
65103
51059
9408
55847
58070
49189
59099
9248
12414
57467
58755
61765
64293
49931
52405
53703
64081
65015
49211
52667
4696
50769
51287
51541
53189
56239
56991
58441
60283
60631
50787
53269
61099
63617
49683
1602
3068
50153
55687
56483
62705
65233
49899
51897
52759
52789
53691
54513
56479
57267
59179
6756
49933
50577
62065
63719
49447
58761
59191
65231
13018
7108
49837
49891
55913
57833
60803
61273
62065
54799
58621
63591
34707
44491
48539
41582
48049
19670
33761
36699
39449
44259
44279
45799
37275
40331
45723
32991
35779
37251
28620
29750
39355
43301
46487
47809
36225
36539
37695
39433
40873
41603
43053
47339
48813
37131
28884
35407
35549
36359
44785
47749
40245
41625
43655
43805
43885
44515
45255
48035
32877
35151
35181
16634
20048
37955
39603
40515
42399
45931
33807
37027
37067
43485
44805
47675
37101
16916
38632
38873
35763
23854
30344
39627
46489
35519
37295
39047
41269
41301
42985
43929
44415
35261
36901
37431
37571
20480
18512
33513
36905
40647
42191
42503
47087
47185
47631
35099
18126
29900
34111
34223
36583
39617
32985
35085
36185
39435
42095
42315
19848
25314
44901
48528
35711
39279
36273
36963
21780
27180
36678
29900
38299
39689
40219
47751
32805
33575
34071
35675
39997
40635
43635
33189
33779
35723
26902
21100
32789
33409
34219
34879
35549
35649
38449
39249
42749
44369
46479
47055
35523
39123
36521
37091
37761
24888
19550
33483
40797
48459
32805
36697
39583
42395
45555
45785
48615
33131
33797
37061
31436
31444
33219
34901
37765
38595
37695
38623
45113
46705
36765
37661
32066
39549
40249
41789
41929
42369
44509
44849
48799
34265
36697
36843
39635
40599
46677
46999
47715
26314
43673
45631
45661
39504
40769
47891
18914
32809
32919
33049
33819
35979
36059
38119
39779
41229
46947
39143
42569
44063
46873
47465
23506
35111
39559
40299
43752
47873
24998
18951
19871
26327
30974
18180
39303
39603
42261
33533
34059
37389
42067
42237
44059
34297
37503
21976
30216
37179
39269
41469
42199
45069
46727
46807
35247
38953
42295
43247
44525
47415
47611
16964
36667
41877
45865
46035
39019
40845
46273
47945
48443
34293
34749
26240
33693
36091
36523
40683
46513
35061
35575
38445
47201
35005
17864
34565
35335
36329
37565
42557
47397
32889
34095
34283
36835
42073
47259
48631
35549
37159
37517
20586
31708
33349
34109
37689
40443
43849
38307
42349
47811
36773
38085
16480
31462
36319
46633
42039
36648
36701
24798
21392
33503
39637
45925
33129
36189
37343
40549
44591
46221
46271
33119
33239
35407
22194
36109
40149
45375
46045
34083
34515
36695
44295
44837
45417
34311
37161
37179
20144
33423
39135
44975
32914
35187
36585
18054
23468
42315
44799
48895
34500
24906
33483
37699
39399
39461
41593
49149
33807
40975
48169
33879
35663
25956
37803
39365
37373
37675
39401
40171
46639
46843
33959
34167
21232
32616
34883
34899
34909
35169
35889
35909
46247
33971
35783
29182
29668
33306
33369
39059
41155
41573
45269
24806
32714
21054
33133
35113
36635
39455
43023
43869
44011
44579
45369
41009
47279
33893
30156
34936
44443
34841
18824
17340
37415
34601
35170
28170
21874
33369
33509
37159
41279
37355
42041
44473
45829
33091
35121
20510
25366
25252
27858
40663
33607
42977
43652
44347
48637
35385
37657
24100
28408
36303
38747
38809
48411
48721
34937
43917
46111
47093
33357
17162
33623
34053
39661
41405
41531
46669
37881
39611
33487
34317
34967
35715
21610
22704
33651
36538
33175
38503
38919
34393
17162
24698
33339
34449
35205
44071
47759
35755
41447
42935
42945
48475
35961
37411
16728
36051
36497
34951
37353
38798
41281
42113
43663
48923
32919
35889
35947
35969
31294
32783
34233
47175
40537
45269
35119
22852
32154
36745
37389
39179
43144
45619
34037
37087
18824
34183
37025
48754
35441
35051
17128
24432
37595
39165
41365
41845
47963
33189
36531
40311
43101
44915
37435
25366
36587
46895
47585
34685
35771
40447
33131
33331
33861
35671
35711
37441
21956
21542
37225
45299
36368
17594
20994
44707
46045
38433
39437
44215
45625
46105
35803
36401
26868
21050
34923
36965
37495
40505
44175
37981
38863
44251
47741
35225
19174
37317
37349
38129
39389
43019
43379
48699
33035
35965
37865
38085
41035
43875
43985
44755
47745
47755
33551
19008
33049
35569
35823
36849
37421
39839
45183
47009
37847
38527
39733
22464
21194
39025
44673
47749
33515
33647
42287
43787
33701
33711
34259
35591
32454
27024
38179
48615
34121
34754
36211
23350
26092
41877
41903
47763
34241
36115
36439
37293
38801
40263
40973
41381
41391
44103
44263
45323
46213
46851
48411
33307
16414
17330
38977
43897
44851
45425
47685
48435
41183
41331
46351
32857
33467
34217
26652
28196
44969
47129
47383
47505
40805
42995
46685
48423
33721
34045
37421
21180
23850
37299
37487
40599
40609
45059
33045
33545
35685
36405
41735
42465
43825
44335
33331
37301
37527
16724
24230
33479
33769
33889
38659
39379
48543
35615
38529
40667
37445
18682
21212
33463
34203
38129
33191
33525
35015
37749
43915
45315
47895
33631
33945
25658
33443
34183
37225
42397
44323
44837
46411
46995
48577
33259
19970
33473
34773
39793
40453
41653
45521
45337
36711
37431
37925
19176
24662
27398
34626
38905
41085
17326
32776
20424
31592
35017
41287
43757
45023
48313
48633
34439
34543
41733
42453
33275
34837
35739
36275
22504
35703
35723
44905
45095
34819
37193
38409
38833
45337
46981
46991
32066
23584
37282
43603
41415
18154
27556
32829
32979
33019
33119
33309
33319
38229
40439
42979
42471
47181
48589
36045
30438
31956
35169
35335
36649
43797
44569
45735
45949
35101
34665
35265
35603
17604
28904
21046
34661
38465
33561
35851
38977
41847
42463
44331
33945
36579
20066
17826
36663
37649
43247
44397
47319
33823
35275
36237
36715
36877
19056
19528
33369
34521
34839
35409
37129
39309
36009
42731
35241
16874
17868
33029
34729
35439
35489
36149
36569
36929
43975
48393
32805
33725
37455
39345
40225
40965
41685
41705
42495
45725
29538
33981
34903
34591
35087
40999
42695
46419
34055
37217
23748
33503
34233
35025
33691
33849
38579
40823
45665
46649
48253
21982
42887
45804
47924
48273
32142
20050
33137
33265
33483
33995
36313
38335
35777
42841
34589
35787
21432
30994
47258
48625
38145
24728
30196
35646
37083
19448
25836
35609
39377
43619
45115
47759
38381
40309
41565
34781
35781
36411
18824
36777
41403
46007
48849
33491
33741
42961
45821
46211
33237
36537
25292
32829
32979
34969
36379
38539
38549
38559
41835
45243
47847
32893
33899
39773
39811
33721
24016
24236
33179
33424
41339
41411
21482
24416
34909
41205
42267
47765
36685
37307
43699
48295
38135
17604
20316
34199
37123
37599
38289
41247
42741
45099
36905
26726
18030
33029
34129
35971
36379
37149
38177
33911
35235
21968
36476
48775
48973
20546
26040
45825
37427
39095
39351
40145
37842
18458
29812
43812
34045
29530
23486
36364
42449
43507
40915
24036
19806
36207
39773
40477
40955
43405
43415
47185
48159
35425
36105
37515
33085
21114
18718
33647
34847
45108
36877
40271
32997
36443
37097
17484
33867
46705
46945
35863
37439
46401
36691
36913
37475
18494
20316
33809
34224
37939
41775
41989
32724
41426
41555
17816
25912
26940
36413
37717
39807
45289
48829
35411
38125
43255
46105
46275
49105
37861
28798
20172
33751
40235
40833
43095
47015
47355
34231
35533
36661
39263
39321
39891
23760
21572
34029
46440
41175
44147
32801
31666
32911
37349
41833
43507
44305
44499
45285
45887
36861
40151
33903
26656
26686
32829
34169
39869
41789
42001
44091
36359
36465
37587
42189
46633
46837
47363
33169
36511
32384
30540
43637
48451
35677
43843
34908
17664
35063
46537
36604
42367
43911
34397
24330
33326
34829
45477
17106
18490
37538
38823
43961
44659
33653
27938
28858
32839
33319
33459
34959
35039
35759
36489
37099
37819
39969
41187
41409
42239
43599
38835
44861
26232
18820
34249
35335
37129
38549
40739
41885
42899
45927
46709
44525
38045
23982
44514
37560
22364
26446
36329
40823
44073
45853
48529
48645
41705
42515
44775
46435
22032
45447
36182
36665
28596
16394
37727
40728
44147
45909
47175
40569
44981
20686
46525
32854
43207
45903
47703
26662
44941
36127
37761
41128
45057
27282
19538
36611
37263
39559
42567
44135
45079
46095
48095
40423
42437
46107
24658
31492
41847
46497
48974
34103
19054
32078
33503
34385
34397
35893
36015
36885
43057
43181
37513
38619
40011
18532
35501
36231
36685
37139
37859
39793
44957
48781
34909
43677
44473
46823
19542
36555
46045
48850
36741
37331
20326
27114
35325
41981
42843
45331
32827
42347
46453
47649
35435
24448
30332
26402
36413
46633
41338
44895
22598
25314
33101
33221
34149
37163
43975
47099
36261
38193
46699
47955
35951
24718
29988
40279
40268
45819
46561
29900
23660
45269
49037
36370
36675
44987
47715
17358
39225
40975
40061
40546
42265
33249
16660
19288
33456
35409
35583
37619
19498
36507
45506
43459
45993
51815
52759
58323
59539
62511
50335
53059
54635
57161
63479
64279
49335
51335
1334
53822
10510
4270
50891
51791
51851
52451
52491
53131
53841
54491
54551
56951
61647
50197
56353
61183
63009
50245
50491
53115
12
8642
51719
55151
55601
56473
57723
57903
59273
62833
52637
55467
55739
56539
58471
61105
64459
64499
65179
50265
50865
14614
54925
57930
59369
59389
62141
16
9302
50060
52250
11966
9156
51307
51611
53429
58023
63947
52805
54963
60363
61179
62993
54329
10528
53799
54935
61273
61647
61769
51267
52819
52839
55987
58079
60049
64309
54235
